20, 39
11, 65
27, 28, 29
37, 64
10, 67
38, 68
16, 17
38, 59
37, 80
20, 33
7, 52
17, 37
67, 78
7, 8
78, 79
27, 86
11, 68
15, 16
67, 78, 79
39, 74
57, 60
12, 55
53, 54
69, 70
20, 38
43, 73
18, 76
9, 76
23, 48
80, 87
59, 73
12, 41, 42
7, 10
11, 17
5, 6
76, 77
24, 26
82, 83
14, 55
7, 9
12, 14
64, 66
36, 85
44, 46, 47
1, 37
6, 15
8, 57
48, 50
34, 35
14, 22
32, 36
4, 55
11, 84
16, 17, 18
70, 72
25, 55
8, 9
43, 44
23, 34
45, 47
27, 35
38, 40
19, 20, 21, 22
44, 45, 47
25, 33
0, 1, 2
17, 18
13, 14
63, 78
69, 73
6, 53
33, 62, 82
32, 41
32, 41, 85
67, 76
27, 67
14, 58
14, 25
24, 25
64, 65
80, 81
56, 57
48, 49, 50, 51
57, 82
59, 87
13, 25
30, 31, 32
32, 85
11, 12, 13, 14
40, 65
39, 40
67, 73
1, 4
3, 50
70, 71
65, 73, 74
28, 29
61, 62
14, 52
72, 75
84, 85
14, 78
