0, 24, 57
0, 79
0, 74
0, 26
0, 21
0, 1, 21
0, 80
0, 25
0, 24
0, 1
1, 80
1, 20, 21
1, 70
1, 35, 37
1, 24
1, 79
1, 74
1, 27, 40
1, 26
1, 21
1, 2
1, 20
2, 41, 54
2, 41
2, 27
2, 36
2, 31
2, 35
2, 3
2, 7
2, 31, 41
2, 75, 84
2, 46, 53
2, 96
2, 27, 84
2, 91
2, 75
2, 41, 47
2, 54, 84
2, 47
2, 7, 30
2, 6
2, 37
2, 3, 93
2, 84
2, 93
2, 31, 37
2, 65
2, 46
3, 6, 65
3, 28, 65
3, 6
3, 15
3, 96, 97
3, 36, 55
3, 28
3, 33, 96
3, 84
3, 93
3, 7, 47
3, 63, 64
3, 65
3, 7, 46
3, 46
3, 64
3, 47, 96
3, 7, 41
3, 41
3, 27
3, 36
3, 31
3, 12, 96
3, 7, 41, 46
3, 35
3, 30
3, 46, 84
3, 7
3, 16
3, 56, 83
3, 96
3, 46, 47
3, 91
3, 48, 97
3, 90
3, 85
3, 21, 73
3, 51, 92
3, 41, 46, 47
3, 15, 16
3, 41, 46
3, 75
3, 48, 49
3, 81, 82
3, 47
4, 5, 70
4, 44
4, 17, 19
4, 11
4, 5, 30
4, 19
4, 5
4, 5, 96
4, 19, 30
4, 89
4, 51, 94
4, 88
4, 83
4, 42
4, 18
4, 20, 26
4, 17
4, 12
5, 17
5, 12
5, 19, 77
5, 89
5, 19
5, 17, 25
5, 88
6, 75
6, 84
6, 7, 35
6, 74, 75
6, 7, 30
6, 47
6, 54, 55
6, 65
6, 65, 96
6, 46, 91
6, 36, 65
6, 7, 96
6, 35, 41
6, 46
6, 32
6, 75, 90
6, 7, 77
6, 27, 75, 84
6, 93
6, 75, 84
6, 7, 62
6, 34, 65
6, 7, 75
6, 69
6, 96
6, 59, 75
6, 15, 16, 36
6, 91
6, 36, 60
6, 36, 69
6, 28, 65
6, 41
6, 77, 78
6, 27
6, 36
6, 58, 59
6, 31
6, 40
6, 35
6, 84, 93
6, 65, 75
6, 65, 84
6, 16, 65
6, 7
6, 16
6, 20, 21
6, 27, 84
6, 30, 65
6, 7, 41
7, 35
7, 47, 96
7, 47, 91
7, 30, 47
7, 47, 77
7, 96
7, 91
7, 90
7, 75
7, 60, 93
7, 47
7, 25, 84
7, 60, 69
7, 41, 46
7, 71, 96
7, 28
7, 37
7, 41, 63
7, 84
7, 93
7, 47, 69
7, 65
7, 77, 96
7, 60
7, 69
7, 46
7, 64
7, 41
7, 91, 96
7, 15, 60
7, 27
7, 36
7, 40
8, 9
8, 98
8, 9, 59
8, 70
8, 74
8, 83
8, 82
8, 59
8, 22
8, 27, 46
8, 11
8, 14, 42
8, 9, 10
8, 71
8, 57
8, 27, 31
8, 42, 55
8, 90, 91
8, 24
8, 10
8, 19
8, 15, 60
9, 40, 90
9, 10, 94
9, 69, 92
9, 10
9, 20, 21
9, 69
9, 36
9, 10, 36
10, 36
10, 22
10, 15, 60
10, 35
10, 11
10, 39, 66
10, 60
10, 69
10, 73
10, 50
10, 59
11, 89
11, 88
11, 59
11, 12, 97
11, 18
11, 45
11, 17
11, 17, 53
11, 12
11, 19
12, 91
12, 77
12, 90
12, 44
12, 17, 92
12, 63, 64
12, 34
12, 43
12, 36, 69
12, 21, 38
12, 19
12, 93
12, 18, 88
12, 88
12, 17, 77
12, 87
12, 46
12, 54
12, 17
13, 55
13, 82
13, 14, 42
13, 14, 77
13, 32, 85
13, 77, 78
13, 14, 30
13, 58, 82
13, 42
13, 14
13, 91, 96
13, 42, 50
13, 42, 77
14, 42
14, 42, 75
14, 55
14, 82
14, 42, 90, 91
14, 77
14, 86
14, 57
15, 16, 60
15, 16
15, 27, 60
15, 60, 70
15, 85
15, 60, 64
15, 63, 64
15, 16, 69
15, 16, 64
15, 38, 39, 60
15, 16, 63
15, 28
15, 16, 49
15, 32
15, 16, 39
15, 16, 48
15, 38, 39
15, 60, 63
15, 65
15, 60, 80
15, 60
15, 69
15, 46
15, 64
15, 66, 68
15, 16, 76
15, 16, 85
15, 77
15, 63
15, 16, 75
15, 31
15, 35
16, 84
16, 97
16, 60
16, 78
16, 37
16, 64
16, 32
16, 36
16, 54
16, 31
16, 40
16, 17
16, 35
16, 30
16, 96
16, 91
16, 35, 64
16, 63
16, 81
16, 90
16, 85
16, 75
16, 47
16, 28
17, 19, 77
17, 44
17, 71
17, 43
17, 56, 83
17, 71, 86
17, 19
17, 23
17, 89
17, 88
17, 83
17, 59
17, 18
17, 45
17, 54
17, 36, 69
17, 86
17, 18, 19
18, 89
18, 56, 57
18, 88
19, 88
19, 30, 89
19, 59
19, 45
19, 44
19, 77, 89
19, 89
20, 95
20, 94
20, 71
20, 80
20, 39
20, 48
20, 70
20, 38
20, 24
20, 38, 39
20, 21, 70
20, 26, 41
20, 48, 64
20, 93
20, 79
20, 27, 75
20, 74
20, 92
20, 21, 22
20, 73
20, 68
20, 49
20, 26
20, 21
20, 21, 50
20, 21, 26
21, 73
21, 62, 74
21, 73, 83
21, 25, 57
21, 50
21, 26
21, 26, 66
21, 26, 52
21, 72
21, 26, 42
21, 71
21, 80
21, 39
21, 48
21, 59, 74
21, 74, 86
21, 25
21, 38
21, 24
21, 39, 81
21, 98
21, 71, 94
21, 70
21, 79
21, 74
21, 92
21, 60, 74
21, 52, 73
22, 23
22, 74
22, 50
22, 59
22, 67
22, 94
22, 66
22, 56, 57
23, 95
23, 67
23, 71
23, 42
23, 51
23, 50
23, 59
24, 74
24, 92
24, 70, 92
24, 73
24, 54, 70
24, 54, 92
24, 26
24, 25
24, 25, 70
24, 25, 74
24, 58
24, 80
24, 39, 92
24, 25, 54
24, 70
24, 98
25, 38
25, 35, 84
25, 70
25, 27, 84
25, 74
25, 92
25, 73
25, 32
25, 50, 51
25, 67
25, 71
25, 80
26, 39
26, 62, 97
26, 67
26, 53
26, 71
26, 80
26, 66
26, 52
26, 70
26, 38
26, 80, 88
26, 79
26, 74
26, 70, 80
26, 73
26, 39, 53
27, 38, 39
27, 40, 75
27, 40, 84
27, 93
27, 75, 84, 90
27, 28, 91
27, 60
27, 54, 84
27, 64
27, 91
27, 84, 93
27, 41
27, 36
27, 63
27, 31
27, 40
27, 42, 90
27, 35
27, 31, 40
27, 35, 37
27, 40, 75, 90
27, 75, 77
27, 41, 84
27, 60, 84
27, 28, 40, 75
27, 40, 90
27, 90
27, 28, 75
27, 85
27, 47, 84
27, 70, 71
27, 70, 80
27, 84, 91
27, 44, 45
27, 75
27, 84
27, 31, 75
27, 31, 84
27, 47
27, 65
27, 62, 75
27, 40, 75, 84
27, 28
27, 37
27, 46
27, 90, 91
27, 31, 60
27, 75, 84
27, 32
27, 31, 75, 84
28, 85
28, 41, 96
28, 57
28, 75
28, 75, 84
28, 63, 64
28, 84
28, 65, 84
28, 65
28, 60
28, 54, 55
28, 64
28, 32
28, 63, 85
28, 36
28, 63
28, 31
28, 40
28, 35
28, 58, 85
28, 91
28, 75, 90
29, 30, 36
29, 30
29, 77
29, 57, 81
29, 81
29, 30, 77
29, 76
29, 57
29, 30, 53
29, 56
29, 97
29, 64, 82
29, 78
29, 82
30, 77, 78
30, 93
30, 76, 77
30, 78
30, 77
30, 57
30, 48, 58
31, 32, 44
31, 90
31, 85
31, 76, 91
31, 76, 77
31, 50, 51
31, 75
31, 84
31, 47
31, 97, 98
31, 36, 69
31, 40, 84
31, 37
31, 93, 96
31, 77, 78
31, 32
31, 32, 66, 68
31, 32, 70
31, 93
31, 75, 93
31, 74
31, 92
31, 60
31, 55
31, 64
31, 41
31, 50
31, 36
31, 63
31, 32, 60
31, 35
31, 32, 64
31, 32, 50
31, 32, 77
31, 32, 63
31, 91
32, 60
32, 69
32, 40, 97
32, 64
32, 36
32, 63
32, 40
32, 63, 64
32, 85
32, 75
32, 84
32, 60, 63
32, 47
32, 37
32, 36, 63
32, 93
33, 36, 48
33, 34
34, 89
34, 50, 51
35, 65
35, 60
35, 69
35, 64
35, 41
35, 77
35, 36
35, 54
35, 63
35, 40
35, 37, 92
35, 48, 63
35, 86
35, 37, 62
35, 90
35, 85
35, 71
35, 75
35, 47
35, 53, 93
35, 37
35, 37, 70
35, 84
35, 93
36, 77, 78
36, 57
36, 50, 66, 69
36, 84
36, 69, 92
36, 50, 69
36, 65
36, 69, 91
36, 69, 77
36, 37
36, 93
36, 83
36, 69
36, 46
36, 64
36, 82
36, 48, 49
36, 59
36, 63
36, 69, 76, 77
36, 58, 65
36, 50, 66
36, 58, 98
36, 48, 72
36, 91
36, 63, 64
36, 76
37, 93, 97
37, 96
37, 77
37, 63
37, 90
37, 76
37, 85
37, 71
37, 47
37, 84
37, 93
37, 65
37, 60
37, 69
37, 64
37, 41
38, 39, 85
38, 39, 40, 90
38, 39, 66
38, 39, 61
38, 70
38, 39, 70
38, 74
38, 39, 74
38, 92
38, 39, 91
38, 39, 44
38, 71
38, 39
38, 39, 61, 66
39, 70, 80
39, 48
39, 51, 61
39, 70
39, 79, 80
39, 70, 71, 79
39, 92
39, 73
39, 61, 66
39, 71, 79
40, 41
40, 63
40, 47, 75
40, 91
40, 84, 90
40, 90
40, 85
40, 41, 82
40, 90, 91
40, 75
40, 97, 98
40, 60, 63
40, 60, 90
40, 70, 84
40, 47
40, 52, 53
40, 46, 75
40, 84
40, 93
40, 61, 90
40, 65
40, 60
40, 69
40, 96
40, 41, 84
40, 46
40, 64
40, 75, 90
41, 46, 74
41, 54, 87
41, 54, 55
41, 60
41, 96
41, 46
41, 75, 84
41, 44, 45
41, 54, 86
41, 91
41, 46, 84
41, 46, 79
41, 85
41, 75
41, 84
41, 60, 75
41, 47
42, 82
42, 77
42, 81
42, 56, 76
42, 93
42, 55
42, 90, 91
43, 45
43, 44
43, 89
43, 44, 45
43, 88
44, 88
44, 92
44, 59
44, 45
44, 89
45, 89
45, 66, 67
45, 88
46, 79, 96
46, 47, 79
46, 93
46, 47, 97
46, 79
46, 47, 60
46, 47, 96
46, 69
46, 87
46, 96
46, 63
46, 65, 75
46, 75, 84
46, 91, 96
46, 97, 98
46, 91
46, 90
46, 75
46, 84
46, 47
46, 65
46, 70, 96
47, 75
47, 84
47, 58, 59
47, 65
47, 60, 63
47, 56, 83
47, 93
47, 60
47, 69
47, 96
47, 91
47, 90
48, 72
48, 49, 83
48, 49
48, 58
48, 53
48, 49, 59
48, 49, 72
48, 58, 93
48, 94
48, 62
48, 71
48, 58, 77
48, 61
48, 79
48, 97
48, 74
48, 64
48, 49, 93
48, 50
48, 59
48, 68
48, 49, 97
49, 97
49, 59
49, 70, 71
49, 58, 72
49, 72
49, 58
49, 71
50, 95
50, 58
50, 67
50, 94
50, 71
50, 62
50, 51, 92
50, 52
50, 51
50, 74
50, 92
50, 56, 57
50, 51, 94
50, 59
50, 66, 96
51, 68
51, 61, 66
51, 66, 68, 92
51, 74, 92
51, 94
51, 61, 74
51, 66
51, 61
51, 64, 92
51, 77, 94
51, 92
52, 74
52, 60, 74
52, 64
52, 71, 79
52, 59
52, 58
52, 62, 71
52, 53
52, 62
52, 61
52, 59, 74
53, 66
53, 61
53, 74
53, 73
53, 59
53, 72
54, 59, 62
54, 87
54, 55
54, 82
54, 65, 86
54, 59
54, 68, 94
54, 71, 86
54, 55, 91
54, 86, 92
54, 91
54, 77
54, 86
54, 71
54, 55, 65
54, 93
55, 57
55, 56
55, 60
55, 87
55, 82
55, 86
55, 81
56, 57, 58
56, 77, 83
56, 77, 78
56, 76
56, 57
56, 57, 80
56, 70, 83
56, 83
56, 78
56, 77
56, 83, 95
56, 76, 77
57, 97
57, 83
57, 69
57, 78
57, 82
57, 91
57, 77
57, 81
57, 76
57, 85
57, 62, 74
58, 86
58, 62
58, 71
58, 62, 77
58, 98
58, 97
58, 59
58, 72
59, 63
59, 60, 61
59, 71, 98
59, 72
59, 71, 79, 80
59, 71, 79
59, 62
59, 71
59, 66
59, 61
59, 66, 97
59, 98
59, 90, 91
59, 79
59, 97
59, 74
59, 69
59, 97, 98
60, 62, 91
60, 69
60, 78
60, 96
60, 64
60, 82
60, 91
60, 77
60, 63
60, 63, 64
60, 77, 78
60, 66, 68
60, 90
60, 85
60, 84
60, 93
60, 65
61, 72
61, 62
61, 66
61, 97
61, 74
61, 74, 91
62, 74
62, 71
62, 70
62, 98
62, 97
63, 93
63, 65
63, 74
63, 69
63, 64
63, 82
63, 64, 93
63, 96
63, 86
63, 85
63, 66
64, 76
64, 75
64, 93
64, 92
64, 69
64, 96
65, 87
65, 96
65, 91
65, 75, 92
65, 75
65, 84
65, 93
66, 67, 70
66, 88
66, 68
66, 68, 85
66, 70, 79
66, 95
66, 72
66, 67
67, 68
67, 95
67, 71
67, 79
68, 94
68, 71
69, 76
69, 85, 93
69, 93
69, 77, 78
70, 76, 79
70, 79, 80
70, 71, 80
70, 71, 89
70, 71
70, 80
70, 71, 79
70, 71, 88
70, 71, 79, 80
70, 76, 77
70, 79
70, 90, 91
70, 74
70, 92
70, 71, 73
71, 98
71, 93
71, 79
71, 97
71, 79, 80
71, 73
71, 86
71, 72
71, 94
71, 80
71, 89
72, 98
72, 79
72, 97
72, 73
73, 74
73, 92
73, 80
74, 79
74, 97, 98
74, 92
74, 90
74, 80
75, 91
75, 90
75, 85
75, 84, 91
75, 84, 90
75, 84
75, 93
75, 96
76, 83
76, 92
76, 78
76, 77
76, 77, 78
76, 77, 85
77, 78, 96
77, 78, 85
77, 83
77, 78
77, 78, 92
78, 83
79, 97, 98
79, 93
79, 80
80, 94
81, 87
81, 82
81, 91
81, 86
81, 93
81, 82, 83
83, 93
83, 92
83, 86, 87
84, 93
84, 96
84, 91
84, 86
84, 90
84, 85
85, 93
85, 91
85, 90
86, 90
86, 93
86, 87
88, 89
90, 96
90, 91
91, 93
91, 96
92, 94
93, 97, 98
93, 96
94, 95
97, 98
