43, 46
33, 35, 36, 39, 40, 90
2, 6, 78
47, 72
65, 86
60, 65
25, 36
6, 46, 71, 73, 82
52, 64
66, 74
60, 78
17, 86
1, 31, 68
13, 51
60, 72
39, 75
52, 71
47, 62
37, 39, 78
19, 33, 36, 53, 54, 55, 56, 57, 58, 59, 60, 61, 62, 63, 64, 65, 66, 67, 68, 69
52, 65
33, 51
51, 77
6, 89
5, 57
64, 77
57, 81
34, 73
47, 48
13, 57
45, 71
41, 88
19, 60
17, 94
2, 46, 48, 77
48, 54
32, 36
35, 66
64, 69
4, 61
53, 72, 74
93, 94, 95
41, 81
86, 89
5, 53
46, 71, 74
2, 7, 20, 21, 22, 23, 24, 25, 26, 27, 28, 30, 31
69, 79, 92
10, 53
19, 37
57, 60, 75, 78, 88
19, 92
8, 16
5, 71
15, 87
67, 78, 86
4, 38
25, 48
10, 46
17, 61
48, 81
47, 73
66, 86
66, 75
14, 57
46, 71
5, 24
23, 47
64, 70
88, 89
5, 72
66, 81
8, 64
46, 78
25, 86, 92
6, 45, 46, 80, 93
18, 38
48, 73
58, 86
54, 57
46, 72
5, 25
12, 61
5, 22
6, 57
60, 67, 78
41, 63
25, 61
0, 74, 94
17, 52, 93
15, 48
66, 67, 86
84, 85
41, 89
5, 6
19, 61
67, 73
38, 78
8, 88
41, 70
6, 10
78, 93
16, 64
63, 81
49, 54
73, 75
29, 67, 78
22, 78
82, 86
31, 32
66, 75, 78, 81
39, 84
63, 88
48, 49
66, 95
46, 77
4, 14, 54
2, 60, 72
16, 48
2, 73
67, 86
25, 38
48, 60, 77
23, 48
19, 86
8, 9
48, 89
6, 72
41, 66
53, 92
28, 75
32, 38
11, 87
3, 86
75, 81
47, 66
6, 25
73, 83
71, 94
20, 74
75, 81, 86
36, 73
2, 26, 65
6, 24
39, 78
48, 66
4, 7
51, 86
33, 46
41, 75
71, 86
18, 38, 48, 81
8, 9, 18, 66, 77
48, 66, 86
35, 75
75, 76
4, 73
37, 60
78, 86
8, 89
60, 77
42, 48, 60
13, 92
19, 48
34, 36
8, 74
38, 52
6, 18, 55
3, 41
52, 75
15, 18
46, 66, 75, 88
60, 69
36, 41
46, 52
6, 46
61, 63, 76, 86
66, 77
63, 78
60, 75
49, 75
5, 66
48, 67
48, 75
69, 74
46, 66
3, 48
12, 94
47, 88, 94
48, 59
23, 74
74, 77
2, 82
44, 54
4, 63, 75, 81
24, 71
48, 77, 78
13, 38
13, 75
39, 79
63, 82
0, 32, 33, 34, 35, 38, 39, 42, 45, 46, 48, 52, 53
46, 67
77, 81
39, 86
3, 62
48, 64
78, 80
52, 88
75, 77
28, 48
38, 60
2, 51
8, 82
48, 83
79, 95
13, 39, 63, 74
48, 71
63, 75
36, 48
52, 95
57, 96
13, 81
74, 89
44, 62
8, 66, 75
86, 93
88, 92
6, 66
77, 86
28, 77
39, 78, 86
48, 78
46, 75
48, 76
53, 81
21, 46
60, 75, 78
17, 88
13, 53, 54
66, 89
16, 19, 86
64, 81
71, 96
48, 60
50, 75, 81
39, 47
34, 53
15, 48, 86
41, 78
38, 75
14, 67
2, 36
49, 52
46, 81
45, 48
47, 92
64, 73
9, 36
47, 93
48, 52
89, 90
6, 73
38, 86
28, 38
38, 81
16, 59
25, 96
2, 60
64, 69, 71
32, 64
57, 71
73, 78
61, 95
31, 82
44, 82
53, 94
16, 44
49, 84
13, 47
48, 77
48, 85
1, 78
75, 90
29, 48
31, 67
7, 14, 24
4, 8
24, 40
3, 89
39, 48
51, 89
23, 28
15, 60
33, 48
19, 96
18, 64
19, 48, 63, 68, 92
37, 75, 85
75, 96
37, 63
64, 74
6, 94
6, 28
72, 93
2, 77
39, 41
1, 24
2, 64
5, 48
71, 74
38, 48
9, 77
25, 49
64, 66
46, 48
28, 36
18, 72
37, 38, 45
36, 89
72, 74
32, 38, 75, 81
63, 69
25, 89
6, 41
53, 61
41, 49, 84, 85
36, 68
68, 83
66, 78
63, 77
57, 75
12, 43
24, 66
16, 92
38, 61
8, 69
2, 25
19, 64
4, 36
2, 46
7, 16
2, 78
34, 52, 84
7, 18, 81
25, 46, 73
12, 31
7, 72
2, 24
6, 48
38, 62
4, 75
46, 68
4, 36, 73
2, 36, 73
36, 50
31, 52
52, 89
61, 69
71, 82
14, 25, 60
36, 52
78, 82
39, 75, 78
3, 36
36, 92
86, 95
51, 58
46, 76
61, 82
6, 61
18, 82
13, 46, 63
10, 59
21, 48, 51
4, 83
3, 71
64, 80
80, 86
77, 83
75, 78
53, 83
19, 66, 84
37, 92
8, 86
48, 51, 61
10, 39
2, 5, 52
43, 77
3, 78
13, 89
61, 83
19, 82
28, 64
47, 60, 63
44, 92
19, 25
11, 24
33, 36, 91, 92
3, 25
37, 45
51, 52
31, 61
65, 83
48, 81, 89
62, 86
41, 86
36, 78
80, 81
46, 89
6, 33, 38, 45, 53, 67, 68, 69, 70, 75, 78, 79, 80
36, 46
18, 83
48, 94
48, 95
41, 72
23, 70
