0, 5
0, 19, 44
0, 13, 25, 26, 38, 40, 58
0, 2, 4, 7, 44
0, 46, 52
0, 23, 29, 35, 40
0, 40
0, 17
0, 13, 38, 40
0, 19, 49, 50, 54, 55, 56, 58, 59
0, 52
0, 6
0, 5, 6
0, 41
0, 41, 52
0, 18
0, 54
0, 21
0, 2, 4
0, 2, 18, 21, 22, 25, 26, 38, 40, 58
0, 1, 2
0, 16, 17
0, 20
0, 12, 19, 20, 21
0, 11, 21
0, 25, 31, 33, 34, 38, 39
0, 6, 49
0, 22
0, 26, 38, 52
0, 3, 19
0, 2, 7, 23, 35, 36, 37, 38, 39, 44
0, 21, 22
0, 1, 3, 59
0, 6, 35, 42, 50, 59
0, 12, 19, 41, 52
0, 15, 48
0, 7, 44
0, 2, 27, 51
0, 1, 6
0, 4, 52
0, 57
0, 8, 12
0, 18, 39
0, 1
0, 6, 18
0, 46
0, 59
0, 13
0, 26
0, 3
0, 29, 40
0, 16
0, 26, 59
0, 11, 28, 35
0, 58
0, 49, 50
0, 25
0, 2, 44
1, 8, 11, 31
1, 4
1, 16, 41
1, 6
1, 11, 15, 44, 45
1, 46, 56
1, 15
1, 51
1, 18
1, 2, 6
1, 17
1, 52
1, 14, 37
1, 31
1, 21
1, 17, 49
1, 46
1, 13
1, 47, 48
1, 13, 17
1, 22
1, 13, 52
2, 21, 58
2, 4, 5
2, 52, 58
2, 23, 25, 58
2, 27
2, 3, 22
2, 4, 13, 28
2, 17
2, 3, 12
2, 5, 58
2, 4, 7, 16, 47
2, 47, 48, 58
2, 6, 58
2, 30
2, 5, 23, 36
2, 4, 41, 58
2, 6, 34, 54
2, 7
2, 23, 30, 35, 54, 58
2, 25, 26
2, 16, 57
2, 28, 31
2, 20, 45
2, 3, 21, 22
2, 49, 50, 54
2, 4, 6, 57
2, 4, 14, 47, 48, 50, 52
2, 3, 44
2, 4, 17
2, 3, 4, 57
2, 3, 57
2, 39
2, 3, 4, 11
2, 3, 14, 53, 59
2, 55, 58
2, 52
2, 6, 23, 28, 35, 42, 45
2, 6, 57
2, 4, 19, 42, 58
2, 29
2, 3, 6, 21, 22
2, 6
2, 42
2, 3, 14, 30, 37
2, 19
2, 4, 14, 42
2, 3, 4, 31, 39
2, 4, 49
2, 9
2, 3, 4
2, 12, 57, 58
2, 24, 40
2, 4, 39
2, 3, 4, 18, 59
2, 4, 17, 42
2, 18, 58
2, 3, 4, 6, 7, 24
2, 4, 16
2, 4, 52
2, 24, 30
2, 3, 6, 21
2, 4, 29
2, 4, 28, 35, 58
2, 4, 6, 59
2, 3, 4, 8, 19, 44
2, 4, 6
2, 3, 4, 46
2, 3, 23, 59
2, 51
2, 3, 46
2, 4, 6, 36
2, 4, 17, 45
2, 7, 52
2, 4, 19
2, 5, 13, 21
2, 3, 4, 59
2, 3, 59
2, 4, 51, 56
2, 41
2, 3, 36
2, 3, 4, 13, 58
2, 3, 20, 21
2, 3, 4, 13
2, 4, 9
2, 3, 13
2, 54
2, 6, 59
2, 54, 56, 58, 59
2, 31
2, 21, 52
2, 21
2, 4, 51
2, 11
2, 49, 58
2, 30, 58
2, 4, 41
2, 5, 6
2, 23, 31
2, 3, 4, 58
2, 3, 58
2, 4, 31
2, 8, 11, 29, 35
2, 3, 4, 48
2, 53
2, 17, 18, 19, 48, 52, 55
2, 4, 20, 58
2, 11, 12, 19
2, 4, 21
2, 4, 54, 55, 56, 58, 59
2, 3, 38
2, 11, 13, 20, 21, 49
2, 3, 4, 15
2, 20
2, 56
2, 48, 58
2, 4, 12, 57
2, 4, 24, 31
2, 33
2, 3, 28
2, 3, 4, 5
2, 3, 4, 28, 29
2, 3, 5
2, 4, 7, 15, 19, 49, 59
2, 3, 15, 44, 52
2, 7, 11
2, 3, 11, 21
2, 4, 23, 24, 25, 27, 28, 30, 31, 33, 34, 36, 37, 38, 39
2, 10, 21
2, 23
2, 4, 5, 44, 51, 58
2, 12, 44
2, 20, 21, 49, 50
2, 3, 4, 5, 57, 58
2, 3, 46, 49, 50
2, 12, 19, 58
2, 3, 5, 58
2, 3, 6, 58
2, 4, 23, 28
2, 3, 47, 48, 55, 59
2, 49, 50
2, 4, 20
2, 4, 28, 33
2, 46, 58
2, 4, 6, 52, 57, 58
2, 3, 31, 54
2, 12, 14
2, 4, 10
2, 3, 4, 50
2, 55
2, 4, 19, 59
2, 7, 56
2, 12, 19, 45, 46
2, 15, 45, 46
2, 45
2, 4, 48, 49, 50
2, 8, 11
2, 26, 40, 57
2, 28, 33, 34, 38, 39
2, 4, 5, 6
2, 6, 52, 53, 54, 55
2, 22
2, 6, 11, 21
2, 4, 21, 22, 30, 35, 40, 54, 55, 58
2, 35
2, 4, 12, 17, 19
2, 12
2, 3, 7
2, 13, 57
2, 6, 17
2, 30, 31, 59
2, 3, 6, 47
2, 42, 46
2, 3, 4, 18, 24, 35
2, 4, 55
2, 6, 20
2, 4, 32
2, 13, 21, 41, 42
2, 15, 46
2, 4, 28, 58
2, 4, 25, 30
2, 4, 22
2, 45, 59
2, 44
2, 48, 49, 50
2, 3, 4, 16
2, 4, 31, 39, 55, 56, 58, 59
2, 4, 12
2, 3, 16, 26
2, 57
2, 45, 46, 58, 59
2, 3, 52
2, 4, 54, 55
2, 4, 17, 28
2, 28, 58
2, 3, 4, 6
2, 3, 4, 6, 28, 33
2, 3, 6
2, 47, 48
2, 6, 52
2, 3, 4, 25, 38
2, 3, 12, 19, 21, 41, 44
2, 24
2, 4, 45, 58
2, 21, 22
2, 14
2, 20, 21, 38
2, 3, 6, 59
2, 47, 48, 55
2, 42, 58
2, 17, 42
2, 4, 44
2, 4
2, 4, 57
2, 4, 29, 35
2, 4, 51, 58
2, 12, 23, 31, 32, 38
2, 4, 10, 20, 21, 22, 58
2, 4, 11
2, 4, 47
2, 6, 13, 16
2, 3, 51
2, 3, 49, 58
2, 57, 58
2, 27, 35
2, 6, 58, 59
2, 46
2, 48, 49, 50, 55, 56
2, 3, 14, 16, 58
2, 3, 4, 18
2, 3, 4, 54
2, 59
2, 4, 21, 24
2, 5, 57, 58
2, 4, 5, 20
2, 4, 46, 58
2, 36
2, 4, 56, 58, 59
2, 13
2, 49
2, 6, 54
2, 3, 41, 52
2, 3, 4, 21
2, 3, 21
2, 44, 58
2, 3, 4, 20, 21, 57, 58
2, 4, 31, 36, 56
2, 3
2, 48, 50, 58
2, 16
2, 4, 56
2, 3, 11
2, 6, 21
2, 5, 6, 54
2, 3, 4, 6, 22, 57
2, 4, 46
2, 30, 49, 50, 58
2, 6, 11
2, 4, 59
2, 52, 54, 57
2, 3, 13, 45
2, 20, 21
2, 4, 13
2, 23, 26
2, 58
2, 48
2, 3, 49, 50
2, 41, 42, 49
2, 25
2, 3, 20
2, 3, 33
2, 29, 36, 41
2, 10, 13
2, 6, 20, 21, 58
2, 55, 57
2, 28, 39
2, 28
2, 5
2, 29, 30
2, 4, 58
2, 18
2, 4, 14, 44, 53
2, 3, 6, 40
2, 13, 17
2, 5, 13
2, 57, 59
2, 6, 13
2, 4, 25
2, 3, 35, 52
2, 38, 59
2, 23, 28, 48, 58
2, 22, 55
2, 3, 16, 52
2, 3, 42, 46
2, 12, 19
2, 23, 28
2, 4, 17, 18
2, 4, 28
2, 3, 32
2, 46, 48, 50
3, 54, 59
3, 15
3, 5, 59
3, 28
3, 5
3, 12, 19
3, 35, 39
3, 4, 19, 45, 46, 52
3, 4, 28
3, 23, 28, 35
3, 4, 5
3, 9, 20, 55
3, 5, 6
3, 11, 21
3, 52, 59
3, 23, 32
3, 53, 59
3, 4, 15, 57
3, 14, 45
3, 28, 35, 47, 59
3, 50
3, 6, 59
3, 44, 58
3, 27
3, 40
3, 17
3, 30
3, 52, 54, 55
3, 7
3, 20, 58
3, 47, 48
3, 13, 25, 30
3, 7, 19, 49, 50
3, 27, 45, 59
3, 49, 50
3, 4, 20
3, 16, 45, 46
3, 23, 30, 49
3, 4, 44, 49, 50
3, 52
3, 29
3, 12, 45, 46, 53, 59
3, 6
3, 25, 28, 29, 30, 31, 36, 37
3, 17, 58, 59
3, 42
3, 19
3, 24, 40
3, 35, 40
3, 9
3, 4, 52
3, 28, 36
3, 46, 57
3, 30, 49
3, 4, 15, 58
3, 51
3, 45, 46
3, 13, 17, 18
3, 13, 19, 40, 42, 59
3, 54
3, 8
3, 44
3, 48, 50
3, 21
3, 52, 53, 59
3, 21, 22
3, 11
3, 4, 54
3, 4, 21
3, 4, 11
3, 56, 58
3, 53
3, 34, 39
3, 48, 59
3, 25, 27, 28, 30, 39
3, 11, 28, 52
3, 20, 21, 58
3, 29, 35
3, 44, 51
3, 20
3, 56
3, 4, 15, 16, 31, 37
3, 16, 17, 49, 50
3, 13, 58
3, 23
3, 47, 48, 50
3, 4, 56
3, 46, 58
3, 15, 45, 46, 58
3, 5, 21, 22
3, 11, 52, 58
3, 44, 50
3, 55
3, 4, 11, 59
3, 25, 26
3, 45
3, 22
3, 35
3, 15, 28, 36
3, 5, 13, 40
3, 12
3, 5, 56
3, 25
3, 5, 46
3, 28, 29
3, 4, 58
3, 4, 12
3, 27, 40, 55, 57
3, 57, 59
3, 4, 46, 51
3, 57
3, 47
3, 13, 14, 58
3, 24
3, 14
3, 54, 58
3, 4, 57
3, 46, 59
3, 4
3, 28, 31
3, 5, 6, 22, 59
3, 30, 31
3, 54, 57, 58
3, 46
3, 59
3, 36
3, 13
3, 9, 20, 21
3, 49
3, 6, 58
3, 4, 59
3, 20, 21
3, 4, 49
3, 46, 51
3, 20, 24
3, 58
3, 40, 59
3, 23, 28, 29, 30, 36
3, 4, 6
3, 48
3, 10, 21, 22, 24, 27, 43, 56
3, 44, 56
4, 18, 47, 48, 58
4, 48, 58
4, 23, 24, 27, 28, 35, 52, 58
4, 13, 21, 37, 49, 50, 58
4, 53
4, 30
4, 47, 51
4, 13, 58
4, 20
4, 20, 21, 54
4, 46, 58
4, 26, 27, 30, 38, 39, 40, 49, 50
4, 10
4, 8, 44
4, 14, 59
4, 32, 57
4, 6, 17
4, 42
4, 54, 56
4, 32
4, 46, 52, 54, 58
4, 45
4, 22
4, 10, 20, 21
4, 35
4, 21, 22, 58
4, 24, 30, 59
4, 12
4, 7, 9, 19, 58
4, 46, 48, 50
4, 30, 37
4, 25, 26, 28, 35, 38, 40, 45
4, 21, 22
4, 54, 55
4, 40, 44, 57
4, 44
4, 57
4, 54, 58
4, 34
4, 11
4, 47
4, 24
4, 57, 58
4, 7, 57
4, 14
4, 12, 19, 46
4, 52, 54
4, 40, 57
4, 21, 57
4, 11, 12
4, 44, 58
4, 11, 36, 41, 50
4, 8, 21, 45
4, 56
4, 6, 21
4, 46
4, 23
4, 59
4, 28, 30
4, 6, 11
4, 6, 25, 45, 54, 58
4, 36
4, 13
4, 28, 32, 46
4, 5, 40, 54
4, 19, 46
4, 16
4, 25, 26, 38
4, 23, 25, 26, 38, 40
4, 56, 57
4, 29, 40
4, 58
4, 6, 46
4, 48
4, 40, 47, 48
4, 25
4, 13, 17
4, 38
4, 49, 50, 58
4, 15
4, 49, 50
4, 12, 19
4, 28
4, 5
4, 40, 48
4, 52, 58
4, 6, 58
4, 17, 58
4, 58, 59
4, 37
4, 50
4, 20, 58
4, 27
4, 40
4, 17
4, 49, 52
4, 23, 35
4, 7
4, 23, 48
4, 28, 30, 57
4, 6, 57
4, 12, 19, 52
4, 25, 38
4, 49
4, 5, 19, 44
4, 52
4, 29
4, 13, 21
4, 6
4, 19
4, 23, 24
4, 26, 38, 40
4, 52, 59
4, 42, 51
4, 45, 46
4, 16, 58
4, 5, 54, 59
4, 6, 49
4, 51
4, 41
4, 16, 17, 21, 58
4, 5, 6
4, 54
4, 12, 58
4, 8
4, 21
4, 15, 58
4, 56, 59
4, 45, 58
5, 7, 52
5, 6, 28
5, 6, 25, 26
5, 27
5, 13, 58
5, 17
5, 21, 52
5, 6, 8
5, 7
5, 6, 27, 28
5, 52, 58
5, 52
5, 29
5, 42
5, 19
5, 6, 10
5, 47, 48
5, 29, 35
5, 27, 51
5, 6, 11, 17, 51
5, 49, 50
5, 56, 57
5, 6, 55
5, 41
5, 22, 41
5, 6, 45
5, 31
5, 8
5, 44
5, 21
5, 25, 26
5, 11
5, 17, 52, 54
5, 11, 23, 47
5, 6, 12, 17, 19, 44
5, 45, 46
5, 53
5, 6, 44, 55
5, 41, 50, 52
5, 6, 57
5, 28, 58
5, 9, 58
5, 33
5, 23
5, 13
5, 46, 59
5, 6, 56
5, 55
5, 6, 46
5, 16, 40, 58
5, 17, 51
5, 19, 23, 24
5, 10, 48
5, 22
5, 58
5, 6, 13
5, 35
5, 12
5, 48, 49, 50
5, 6, 44, 54, 55
5, 23, 26
5, 7, 23
5, 57
5, 48, 50
5, 34
5, 47
5, 24
5, 6, 15
5, 57, 59
5, 16, 45, 47, 48, 50, 51
5, 18, 23, 30, 34, 46, 54
5, 56, 58, 59
5, 12, 19
5, 23, 28
5, 46
5, 59
5, 28, 29, 35
5, 49
5, 6, 17
5, 6, 20, 21
5, 13, 40, 48, 58
5, 16
5, 6
5, 6, 8, 14
5, 46, 52
5, 48
5, 25, 30
5, 6, 52
5, 38
5, 7, 28, 29
5, 6, 13, 17
5, 51
5, 28
5, 13, 28, 53, 58
5, 20, 44
5, 6, 49, 50
5, 6, 40, 48
5, 15, 53
6, 48
6, 7, 25, 26
6, 13, 49
6, 51
6, 28
6, 20, 21, 57
6, 18
6, 49, 50
6, 45, 56
6, 19, 40
6, 45, 46
6, 48, 57
6, 23, 27, 51, 54, 57, 59
6, 11, 16
6, 27
6, 40
6, 17
6, 19, 46, 52
6, 30
6, 7
6, 20, 21
6, 13, 18
6, 20
6, 21, 22, 57
6, 12, 19, 40, 58
6, 8, 9
6, 34, 54, 57
6, 52
6, 47, 48
6, 7, 12
6, 29, 35
6, 21, 44
6, 42
6, 19
6, 48, 49, 50
6, 41
6, 11, 14, 40, 48
6, 54
6, 58, 59
6, 8
6, 44
6, 21
6, 11
6, 23, 24, 27, 30, 39
6, 17, 18, 58, 59
6, 17, 52
6, 21, 22
6, 56
6, 10
6, 13, 44
6, 46
6, 54, 58
6, 20, 21, 52
6, 13
6, 7, 58
6, 50, 55
6, 21, 49, 50
6, 52, 55
6, 23, 28
6, 26, 38
6, 23, 26, 40
6, 55
6, 14, 54
6, 40, 48
6, 48, 49, 54
6, 45
6, 22
6, 58
6, 12
6, 21, 54, 56
6, 10, 25, 26, 38, 40
6, 8, 12, 52
6, 19, 57
6, 11, 36, 44
6, 21, 26, 29, 38, 40, 46, 58, 59
6, 16, 24, 37, 57
6, 57
6, 29, 40
6, 47
6, 11, 54, 57, 58
6, 54, 59
6, 17, 46
6, 14
6, 12, 19
6, 15, 46
6, 59
6, 40, 47, 48, 50, 58
6, 7, 19
6, 26, 32
6, 36
6, 49
6, 16
6, 35, 51
6, 45, 54
6, 15, 45
6, 44, 57
7, 20, 21, 22
7, 19, 44, 51
7, 11
7, 19, 25, 30, 52
7, 34, 41, 54
7, 12, 25
7, 19, 52, 54
7, 11, 13, 19, 28, 35, 46
7, 30, 31
7, 44, 58
7, 18, 19
7, 8, 44
7, 19, 48, 50
7, 35
7, 12
7, 34, 54
7, 44
7, 57
7, 9, 19
7, 12, 19
7, 14
7, 40, 48
7, 19, 20, 44, 48
7, 13, 52
7, 25, 26
7, 58, 59
7, 46
7, 59
7, 23, 28
7, 13
7, 49
7, 11, 20
7, 19, 37
7, 16
7, 13, 44, 54
7, 55, 58
7, 58
7, 48
7, 20, 21, 23, 44
7, 19, 36
7, 15
7, 8, 40
7, 19, 47, 48
7, 19, 23, 49, 50
7, 27
7, 40
7, 17
7, 19, 48, 58
7, 47, 48
7, 12, 17, 19, 20, 56, 58
7, 26, 38, 40
7, 21, 22, 49, 50
7, 13, 19, 56
7, 52
7, 12, 47
7, 49, 50
7, 42
7, 19
7, 15, 19, 56
7, 23, 24
7, 41
7, 18
7, 42, 59
7, 54
7, 26, 38, 40, 57
7, 15, 19, 28, 36, 46
7, 8
8, 9
8, 22, 44
8, 9, 13, 21, 22
8, 20, 21
8, 44
8, 11
8, 9, 54, 56
8, 45
8, 12
8, 12, 19
8, 14
8, 9, 31
8, 47, 48
8, 59
8, 9, 10, 20, 21
8, 9, 17, 18, 41, 49, 50
8, 58
8, 49, 50
8, 12, 13
8, 9, 55
8, 40
8, 30
8, 17, 18
8, 52
9, 44
9, 14
9, 48, 49, 50
9, 13, 29, 46
9, 58
9, 19, 52
9, 21, 41
9, 27
9, 49
9, 52
9, 19
9, 41
9, 48, 50
9, 52, 56
9, 54
9, 21, 22
9, 11, 58
9, 33
9, 10
9, 12
10, 20, 21, 49
10, 17, 21
10, 44
10, 20, 21
10, 21
10, 41, 47, 48
10, 11
10, 20, 21, 58
10, 20
10, 56
10, 12, 19, 20, 21, 22, 48, 49, 50
10, 17, 20, 21
10, 12, 19
10, 23
10, 13
10, 20, 21, 40
10, 58
10, 12
10, 25
10, 13, 20, 21
10, 57
10, 20, 21, 35, 40, 54
10, 13, 35
10, 12, 14, 20, 21
10, 46
10, 13, 51, 52
10, 36
10, 16
10, 20, 21, 23, 28
10, 21, 31
10, 49, 50
10, 21, 30
10, 20, 21, 49, 50
10, 21, 23, 28, 57
10, 12, 23, 44
10, 17
10, 52
10, 20, 42
10, 42
10, 13, 20, 21, 48, 49, 50
10, 41
11, 14
11, 17, 20, 23, 28
11, 12, 17, 20, 21, 49, 50
11, 13, 25, 30, 58
11, 46
11, 13
11, 49
11, 27, 51
11, 58
11, 25, 38
11, 28
11, 30, 36
11, 21, 52
11, 21, 29
11, 23, 27, 29, 40, 49, 50
11, 30
11, 21, 22
11, 52
11, 21, 48, 49, 50, 52
11, 19
11, 12, 19, 49
11, 49, 50
11, 22, 25, 26, 30, 31, 38
11, 21, 22, 23, 28
11, 54
11, 12, 47, 48
11, 21, 46
11, 21
11, 20
11, 40, 48
11, 26, 38
11, 22
11, 12
11, 21, 22, 28, 35
11, 20, 21
11, 44
11, 57
11, 47
12, 19, 56, 59
12, 19, 50
12, 19, 25, 38
12, 19, 40
12, 44
12, 57
12, 44, 54
12, 37
12, 14
12, 14, 21, 45
12, 19, 25, 26, 27, 30, 31, 33, 34, 35, 38, 39
12, 21, 42, 46
12, 19, 39
12, 19, 52
12, 46
12, 13
12, 49
12, 14, 21, 41, 42
12, 48, 52, 54
12, 47, 48
12, 19, 51
12, 20, 52
12, 25, 26, 34, 38, 40, 54
12, 19, 47, 48
12, 58
12, 56, 57
12, 19, 21
12, 17, 19, 21, 47
12, 15
12, 13, 17, 51
12, 42, 46
12, 19, 20
12, 15, 17
12, 40
12, 17
12, 21, 22
12, 13, 59
12, 17, 19
12, 23, 35
12, 14, 25, 26, 38, 40
12, 19, 48, 50
12, 19, 45
12, 52
12, 15, 19
12, 19
12, 14, 21
12, 17, 19, 52
12, 19, 54
12, 19, 49, 50
12, 19, 44
12, 19, 57
12, 19, 47
12, 51
12, 18
12, 54
12, 21
12, 32, 41
12, 19, 56
12, 19, 46
12, 20, 21, 28
12, 19, 59
12, 53
12, 21, 48
12, 35, 38, 58
12, 25, 26, 38, 52
12, 19, 58
12, 23, 28
12, 17, 19, 25, 26, 38, 40
12, 13, 19
12, 19, 28
12, 41, 51, 52
12, 25, 38
12, 24, 31, 39
12, 13, 54
12, 19, 21, 22, 25, 47
13, 41, 42
13, 32
13, 45
13, 21, 22, 52
13, 47, 48, 52
13, 35
13, 16, 17
13, 49, 50
13, 46, 58
13, 14, 49
13, 57
13, 34
13, 30, 44, 58
13, 47
13, 45, 47, 48
13, 24
13, 17, 40
13, 21, 28, 44, 49, 50, 51
13, 16, 52
13, 14
13, 23, 37, 56
13, 41, 47, 48, 50
13, 23, 35
13, 30, 51
13, 46
13, 21, 56, 57, 59
13, 29, 36
13, 59
13, 36
13, 21, 22
13, 49
13, 26
13, 18, 19, 23, 24, 35
13, 16
13, 20, 42
13, 57, 58
13, 58
13, 48
13, 25
13, 38
13, 15
13, 43, 47
13, 28
13, 18
13, 20, 21
13, 50
13, 27
13, 40
13, 17
13, 54, 59
13, 30
13, 18, 41, 53
13, 17, 46
13, 23, 28
13, 44, 49, 52
13, 18, 40, 45
13, 39
13, 52
13, 21, 51
13, 42
13, 25, 26
13, 19
13, 19, 57
13, 20, 21, 27
13, 54, 55, 57
13, 16, 17, 18
13, 22, 57
13, 52, 57
13, 18, 49
13, 51
13, 41
13, 54
13, 31
13, 44
13, 21
13, 31, 33
13, 14, 58
13, 28, 35, 41, 51, 52
13, 20
13, 56
13, 33
13, 25, 26, 38, 40
13, 23
14, 24
14, 34, 37
14, 26, 38, 40, 51
14, 45, 46
14, 46
14, 49
14, 30, 51
14, 58
14, 15
14, 51
14, 28
14, 18
14, 17, 40, 58
14, 20, 21, 59
14, 50
14, 17
14, 41, 56
14, 52
14, 21, 22
14, 42
14, 19
14, 54, 58
14, 24, 35
14, 41
14, 25, 30
14, 21
14, 26, 40
14, 53
14, 20
14, 23
14, 21, 48
14, 45
14, 35
14, 52, 57, 58
14, 17, 20, 54
14, 57
14, 17, 57
14, 47
15, 25
15, 44, 51, 58
15, 30, 36, 51, 57
15, 47
15, 18, 19, 44
15, 46
15, 59
15, 49
15, 21, 22
15, 31, 51, 52
15, 46, 56
15, 16
15, 56, 58
15, 45, 48, 49, 50
15, 44, 51
15, 48
15, 21, 44
15, 25, 26, 38, 40, 45, 46
15, 51
15, 28
15, 45, 51
15, 40
15, 17
15, 35, 46
15, 20, 21
15, 29, 40
15, 34, 45, 46
15, 52
15, 42
15, 35, 45, 51
15, 20, 46
15, 45, 52
15, 41
15, 31
15, 44
15, 21
15, 45, 54
15, 20
15, 17, 46
15, 56
15, 33
15, 51, 52
15, 28, 46
15, 27, 30
15, 17, 21, 49
15, 44, 45
15, 45, 46
15, 25, 58
15, 45
15, 58
15, 47, 48
16, 20, 21, 42, 52
16, 45, 49
16, 17
16, 19, 29, 45, 58
16, 23, 35, 48, 49, 50
16, 52
16, 42
16, 49, 58
16, 19, 25, 54
16, 54
16, 31
16, 21
16, 40, 52
16, 55
16, 45
16, 35
16, 28, 48, 50
16, 44
16, 49, 50
16, 47
16, 24
16, 28, 44, 54
16, 46
16, 59
16, 27, 44, 51
16, 20, 21, 58
16, 49
16, 48, 59
16, 21, 54
16, 17, 30, 39
16, 58
16, 48
16, 46, 58
16, 28
16, 49, 50, 52
16, 31, 47, 49, 50
17, 58
17, 48
17, 21, 34, 54
17, 34, 54
17, 28
17, 26, 27
17, 44, 58
17, 56, 57, 59
17, 23, 27, 28
17, 18, 28, 35
17, 18, 21
17, 50
17, 30
17, 23, 24, 25, 27, 28, 31, 33, 34, 36, 38, 39, 42
17, 38, 58
17, 52
17, 19
17, 18, 45
17, 51
17, 41
17, 42, 44
17, 23, 30
17, 18
17, 54
17, 31
17, 49, 50
17, 38, 40
17, 21
17, 18, 44
17, 25, 26, 38, 40, 51
17, 21, 22, 40
17, 24, 30
17, 25, 26, 31, 38, 40, 48
17, 20
17, 20, 56, 58
17, 56
17, 35, 49, 50, 54
17, 48, 51, 58
17, 47, 48
17, 48, 49
17, 48, 49, 50
17, 45
17, 18, 58
17, 23, 24
17, 29, 35
17, 44
17, 46, 47, 48
17, 57
17, 47
17, 24
17, 23, 26
17, 50, 54, 55, 56, 58, 59
17, 18, 40
17, 28, 52
17, 46
17, 59
17, 49
17, 34, 54, 58
18, 20, 21
18, 25, 26, 38, 40
18, 52
18, 56, 59
18, 29
18, 23, 29
18, 26, 39
18, 51
18, 57, 58
18, 41
18, 46, 52
18, 44
18, 21
18, 44, 54
18, 25, 38
18, 23, 25, 26, 38, 40
18, 23, 50
18, 53
18, 27, 40
18, 45
18, 20, 21, 47, 48, 54
18, 24
18, 49, 50
18, 46
18, 59
18, 49
18, 28, 35
18, 48, 50
18, 58
18, 21, 22
18, 19, 42
18, 28
18, 40
19, 50
19, 40
19, 35, 44, 48
19, 52
19, 42
19, 40, 52
19, 25, 44
19, 21, 28
19, 25, 38, 59
19, 49, 58
19, 41
19, 54
19, 44
19, 21
19, 41, 42
19, 20
19, 49, 50
19, 44, 59
19, 32
19, 25, 26, 38, 44
19, 22
19, 29, 35
19, 28, 35, 41, 51
19, 54, 55
19, 49, 50, 52
19, 47
19, 26, 38, 42, 48, 52
19, 23, 38, 44
19, 28, 30
19, 20, 23, 44
19, 49
19, 48, 50
19, 25, 38
19, 21, 22
19, 28, 29
19, 58
19, 48, 49, 50
19, 23, 48
19, 48
19, 38
19, 44, 55, 58
19, 28
20, 48
20, 45, 52
20, 38
20, 51
20, 28
20, 21, 48, 49, 50
20, 21, 51
20, 21, 40, 48
20, 54, 57, 58
20, 47, 48
20, 27, 28
20, 40
20, 49, 50
20, 39, 40, 54, 55
20, 52
20, 29
20, 42
20, 45, 46
20, 21, 22, 30, 31
20, 21, 55
20, 21, 47, 48, 50
20, 21, 22
20, 41
20, 54
20, 44
20, 21
20, 21, 54
20, 21, 44
20, 53
20, 54, 57
20, 21, 23, 31
20, 21, 48, 50
20, 22, 44
20, 26, 27
20, 21, 46
20, 54, 56
20, 21, 35, 40
20, 41, 49, 50
20, 56, 58
20, 22
20, 58
20, 28, 35, 57, 58
20, 57
20, 23, 37
20, 21, 23, 35
20, 21, 22, 37
20, 21, 22, 44, 45
20, 21, 47
20, 21, 47, 48
20, 49, 50, 57
20, 23, 24, 59
20, 21, 49, 50
20, 46
20, 59
20, 28, 39, 54
20, 49
20, 26
20, 21, 52, 54
20, 21, 49
20, 29, 30
21, 41
21, 22, 41
21, 54
21, 31
21, 30, 44, 54, 57
21, 49, 50
21, 46, 58
21, 22, 41, 49, 50
21, 22, 51, 54
21, 30, 39
21, 22, 53
21, 41, 42, 48, 50
21, 29, 40, 49, 50
21, 54, 56
21, 22, 41, 50
21, 39, 53
21, 27, 38, 52
21, 49, 52
21, 22, 52
21, 45, 49
21, 22, 42
21, 55
21, 45
21, 22
21, 22, 28, 30
21, 35
21, 54, 58
21, 57, 58
21, 27, 35
21, 22, 54
21, 22, 25, 31, 38, 39
21, 44
21, 57
21, 24, 28, 35
21, 44, 58
21, 24
21, 28, 40, 48
21, 28, 40
21, 23, 26
21, 22, 52, 58
21, 56
21, 22, 56
21, 48, 50
21, 46
21, 22, 23, 29, 33, 34, 35, 58
21, 36
21, 29, 40
21, 49
21, 41, 49, 50
21, 26
21, 29, 30
21, 22, 47, 48, 50
21, 23, 28
21, 58
21, 48
21, 22, 48
21, 48, 49, 50
21, 28
21, 22, 57
21, 22, 46, 58
21, 50
21, 27
21, 22, 27
21, 25, 38
21, 40
21, 47, 48, 50
21, 30
21, 22, 28, 29, 36
21, 24, 40
21, 22, 48, 50
21, 22, 59
21, 56, 57
21, 23, 32
21, 22, 36
21, 22, 49
21, 40, 48, 50
21, 39
21, 52
21, 28, 44, 46
21, 29
21, 36, 49
21, 42
21, 22, 49, 50
21, 47, 48, 52
21, 28, 35
21, 47, 48
21, 49, 50, 52
21, 51
22, 40
22, 41, 42
22, 52
22, 42
22, 25, 26
22, 44
22, 46
22, 55
22, 23, 36
22, 35
22, 48, 49, 50
22, 49
22, 28, 30
22, 51
23, 36, 52, 58
23, 34, 58
23, 36, 47, 48, 56, 59
23, 26, 27, 32
23, 24, 25, 31, 33, 34, 38, 39
23, 24, 25, 28, 31, 33, 34, 36, 38, 39, 48, 54
23, 33
23, 24, 31
23, 35, 40
23, 27, 54
23, 26, 28, 52
23, 49, 50
23, 28, 47, 48
23, 32
23, 28, 59
23, 24, 25, 28, 31, 33, 34, 38, 39
23, 28, 49
23, 35
23, 29, 30, 31, 35, 39
23, 31, 44, 51
23, 31, 39
23, 27, 46
23, 56, 58
23, 37, 58
23, 29, 35, 47, 57
23, 26, 38
23, 34
23, 25, 32
23, 25, 26, 38, 40
23, 26, 49, 50
23, 32, 49
23, 35, 54
23, 24
23, 26, 30, 36
23, 24, 58
23, 24, 25, 28, 31, 33, 34, 36, 38, 39
23, 37
23, 27, 28, 29, 30, 31, 33, 35, 36, 39
23, 24, 35
23, 27, 30, 36
23, 36
23, 24, 36, 44
23, 36, 44
23, 26
23, 27, 29, 30, 33, 35, 39
23, 28, 30
23, 38, 56
23, 26, 49
23, 58
23, 25
23, 38
23, 30, 35, 36, 39, 42, 58
23, 35, 58
23, 28
23, 25, 26
23, 49, 50, 52, 59
23, 27, 39
23, 46, 52
23, 26, 28
23, 27
23, 36, 58
23, 28, 54
23, 28, 31
23, 40
23, 24, 58, 59
23, 30
23, 32, 55, 57
23, 24, 25, 26, 27, 28, 29, 30, 31, 32, 33, 34, 35, 36, 37, 38, 39, 40
23, 27, 28
23, 24, 30, 51
23, 27, 29, 30, 54, 55, 56, 57, 59
23, 39
23, 32, 47, 48, 50
23, 29
23, 24, 40
23, 24, 30
23, 27, 29, 30, 38
23, 27, 32, 35
23, 30, 48
23, 31, 47, 48
23, 28, 46, 59
23, 41
23, 54
23, 31
23, 28, 35
23, 35, 51
23, 27, 52
23, 31, 58
23, 24, 32
24, 27, 41, 42
24, 30, 52
24, 33, 39
24, 31
24, 44
24, 50, 52
24, 27, 58
24, 25, 40
24, 33
24, 28, 34, 54
24, 48, 50
24, 32
24, 35
24, 25
24, 26, 33, 39
24, 25, 31, 38, 39
24, 34
24, 37
24, 26, 33, 39, 40
24, 28, 45, 47, 49, 50
24, 27, 28
24, 26, 40
24, 25, 31, 34, 38, 39
24, 49
24, 31, 53
24, 26
24, 35, 49
24, 26, 39
24, 26, 29, 33, 38, 39, 40
24, 26, 29
24, 35, 58
24, 26, 29, 40
24, 28
24, 28, 35
24, 25, 26, 35, 38, 40, 49
24, 25, 31, 33, 34, 38, 39
24, 27
24, 26, 40, 52
24, 40
24, 29, 35
24, 30
24, 27, 33, 39, 52
24, 27, 45, 54, 55
24, 26, 53
24, 49, 50
24, 39
24, 52
24, 29
24, 39, 40
24, 30, 49
25, 34
25, 38, 57
25, 27, 38
25, 30, 38
25, 38, 49, 50
25, 38, 40, 49
25, 36
25, 34, 38, 39
25, 26, 49
25, 26
25, 26, 52
25, 27, 28, 33, 34, 38, 39, 41
25, 38
25, 26, 51
25, 26, 47, 48
25, 30, 52
25, 27, 33, 34, 38, 39
25, 36, 56, 58
25, 31, 38, 39
25, 41, 42, 49, 50
25, 37
25, 27
25, 26, 38, 40, 47
25, 38, 50
25, 40
25, 38, 40
25, 34, 47
25, 49
25, 52
25, 29
25, 38, 52
25, 26, 38, 40, 52
25, 30, 47, 48
25, 28, 31, 33, 34, 38, 39
25, 28, 38
25, 27, 29, 33
25, 31, 33, 34, 38, 39
25, 26, 38, 49, 50
25, 30
25, 39, 54
25, 33
25, 26, 59
25, 28, 39
25, 26, 38, 40
25, 55
25, 31, 38, 39, 40
25, 26, 27, 32, 38, 40
25, 31, 34, 38, 39
25, 26, 58
25, 26, 35
25, 49, 50
25, 30, 36
25, 26, 38
25, 33, 34, 38, 39
25, 27, 38, 40
25, 44
25, 30, 36, 41, 58
25, 26, 38, 40, 47, 48
26, 29, 40, 47
26, 28, 38
26, 33
26, 29, 30, 38, 40
26, 39, 40, 48, 50
26, 58
26, 35
26, 33, 38, 39, 40
26, 38, 40, 46
26, 47, 52
26, 29, 40
26, 48, 53
26, 34
26, 47
26, 39, 40
26, 39
26, 38
26, 28
26, 40, 52
26, 27
26, 40
26, 29, 38, 40
26, 29, 40, 56
26, 29
26, 32
26, 38, 40
26, 29, 30, 38
26, 38, 49, 50
26, 27, 34
26, 38, 43
26, 41
26, 54
27, 29, 40
27, 31
27, 35, 56
27, 44, 51
27, 44, 51, 54, 59
27, 33
27, 35, 58
27, 46
27, 28, 54, 56
27, 44, 51, 57, 58
27, 28, 30
27, 35
27, 44, 51, 55, 57
27, 32, 58
27, 34
27, 51, 52
27, 37
27, 30, 58
27, 28, 54
27, 59
27, 36
27, 49
27, 39
27, 28, 29, 30, 34
27, 48
27, 38
27, 28, 59
27, 35, 40
27, 51
27, 40, 49, 50
27, 28
27, 28, 35
27, 29, 36
27, 40, 41, 42, 55, 57
27, 40
27, 35, 42
27, 41, 56, 59
27, 30
27, 30, 44, 51
27, 47, 51
27, 29
27, 32
28, 34
28, 37
28, 29, 52
28, 58, 59
28, 46
28, 36
28, 49
28, 34, 35
28, 30, 36
28, 35, 49
28, 58
28, 29, 30, 35
28, 30, 35
28, 38
28, 33, 59
28, 44, 48
28, 35, 51
28, 33, 34, 49, 50
28, 40
28, 41, 42
28, 30
28, 29, 58
28, 29, 35
28, 29, 38, 40
28, 39
28, 52
28, 29
28, 30, 39
28, 35, 45, 49
28, 51
28, 30, 51
28, 54
28, 31
28, 30, 40
28, 39, 45
28, 33, 34, 39
28, 33
28, 32
28, 38, 47
28, 45
28, 35
28, 35, 45
29, 35, 40
29, 30, 36
29, 35
29, 30, 31, 36
29, 40, 52
29, 40, 42
29, 39, 40
29, 34
29, 47
29, 40, 51
29, 37
29, 30, 35, 36
29, 40, 54
29, 47, 48
29, 39, 52
29, 35, 54
29, 36
29, 56, 57
29, 33, 40
29, 58
29, 40, 49, 51
29, 51
29, 40, 45
29, 40
29, 40, 52, 53
29, 30
29, 40, 47, 52
29, 39
29, 52
29, 40, 59
29, 57, 59
29, 42, 52
29, 41
29, 54
29, 31
29, 40, 58
29, 36, 45
29, 54, 55, 56, 57, 59
29, 33
30, 31, 45
30, 36
30, 31, 52, 59
30, 38
30, 49, 50
30, 51
30, 31, 59
30, 31, 36
30, 36, 48, 49, 50, 51
30, 40
30, 39
30, 52
30, 36, 43, 44, 52
30, 32
30, 31, 47, 48
30, 40, 44
30, 32, 40
30, 36, 40, 41, 44
30, 41
30, 54
30, 31
30, 44
30, 57, 58
30, 31, 49, 50
30, 46, 51
30, 58
30, 35
30, 36, 49, 50, 57
30, 36, 47
30, 57
30, 37
31, 57
31, 39, 56, 58, 59
31, 37
31, 46
31, 36
31, 39
31, 47, 48
31, 51
31, 40
31, 38, 39, 46
31, 52
31, 42
31, 32
31, 36, 48, 50
31, 41, 59
31, 56
31, 33
31, 38, 39
31, 40, 48
31, 39, 44
31, 58
31, 35
31, 38, 39, 47, 48, 50, 58
32, 49, 50
32, 35
32, 37
32, 35, 52
32, 59
32, 50
32, 40
32, 54
32, 33
33, 54, 56
33, 40
33, 39
33, 52
33, 38, 39
33, 47, 48
33, 35
33, 34, 38, 39
33, 34
33, 39, 40
33, 56, 58
34, 58
34, 35, 56
34, 54, 58
34, 40
34, 39
34, 52
34, 54
34, 35, 41, 46
34, 35, 41
34, 40, 54
34, 52, 54
34, 35
34, 37
35, 50
35, 40
35, 39
35, 52
35, 41
35, 44
35, 45
35, 58
35, 47
35, 37
35, 46
35, 46, 48, 54, 55, 56, 57, 58, 59
35, 59
35, 36
35, 49
35, 48
35, 38
35, 51
36, 48
36, 40
36, 52
36, 48, 58
36, 41
36, 54
36, 56
36, 58
36, 49, 50
36, 47
36, 37
36, 59
36, 49
37, 49, 50
37, 48
37, 38
37, 40
37, 39
37, 52
38, 49, 50
38, 40, 47
38, 47
38, 46
38, 59
38, 58
38, 48
38, 40, 41, 42, 47
38, 40
38, 40, 58, 59
38, 39
38, 52
39, 48
39, 40
39, 58
39, 44, 47, 48, 52
39, 59
40, 41
40, 49, 50
40, 54
40, 41, 51
40, 44
40, 48, 49, 50
40, 48, 58
40, 56
40, 48, 50
40, 55
40, 45
40, 58
40, 48, 49
40, 57
40, 47
40, 49, 50, 58
40, 54, 58, 59
40, 46
40, 57, 59
40, 59
40, 49
40, 47, 52
40, 48
40, 44, 46
40, 52
40, 47, 48
41, 42
41, 42, 47
41, 56, 57
41, 54
41, 44
41, 48, 51
41, 53
41, 42, 49
41, 42, 51, 55, 58
41, 48, 50
41, 42, 51, 52
41, 42, 51
41, 45
41, 58
41, 51, 57
41, 45, 51
41, 46, 51
41, 47
41, 46
41, 51, 58
41, 49
41, 42, 43, 44, 45, 46, 47, 48, 49, 50, 51, 52, 53, 54, 55, 57, 59
41, 51, 55, 57
41, 48
41, 51
41, 42, 53
41, 49, 50
41, 50
41, 51, 54, 55, 58, 59
41, 54, 56
41, 42, 58
41, 49, 50, 57
41, 52
42, 44
42, 57
42, 47
42, 46
42, 49
42, 58
42, 52
42, 47, 48
42, 45, 52, 56
42, 49, 50
43, 44
43, 52
44, 47
44, 59
44, 49
44, 47, 48, 50
44, 58
44, 48
44, 58, 59
44, 51
44, 45, 46
44, 52
44, 54
44, 49, 50
44, 46, 54, 59
44, 53
44, 56
44, 54, 55, 59
44, 49, 50, 51
44, 48, 50
44, 45
44, 57
45, 52, 58
45, 57
45, 46
45, 59
45, 46, 52, 58
45, 49
45, 46, 51, 56, 57
45, 47, 48
45, 47, 48, 50, 58
45, 46, 55
45, 50
45, 46, 54
45, 49, 50
45, 46, 47
45, 48, 50
45, 52
45, 54, 55
45, 54
45, 48, 49, 50
45, 46, 47, 48
45, 55
45, 58
46, 49, 50, 54, 55
46, 58
46, 54, 57, 59
46, 57
46, 47
46, 49, 50
46, 59
46, 49
46, 54, 56
46, 47, 48
46, 54, 55
46, 55, 56
46, 51
46, 56, 57
46, 50
46, 52, 53
46, 48, 50
46, 52
46, 54, 59
46, 52, 58
46, 54
46, 55, 58
46, 53
46, 56
47, 55, 59
47, 48, 50, 56
47, 49
47, 53, 58
47, 48
47, 48, 56, 59
47, 48, 59
47, 48, 58
47, 52
47, 48, 50
47, 48, 50, 51
47, 54
47, 48, 52
47, 48, 54
47, 58
47, 48, 55, 58
48, 58
48, 52, 59
48, 57
48, 50, 59
48, 49
48, 49, 50
48, 51
48, 49, 50, 53
48, 50
48, 50, 52
48, 57, 58
48, 52
48, 50, 54
48, 50, 54, 58
48, 56
48, 50, 58
48, 49, 50, 58
49, 50
49, 52
49, 50, 52
49, 51
49, 54
49, 50, 54
49, 50, 57, 58
49, 50, 55
49, 50, 58
49, 57
49, 50, 57
49, 58
50, 58
50, 52
50, 57
51, 58
51, 54, 55, 58
51, 57
51, 59
51, 52
51, 54
52, 58, 59
52, 54, 59
52, 54, 58
52, 54
52, 54, 55, 56, 57, 59
52, 53
52, 56
52, 55
52, 58
52, 57
52, 54, 58, 59
52, 59
52, 56, 57
53, 54
53, 58
53, 57
54, 55, 59
54, 56
54, 55
54, 57
54, 55, 56, 57, 59
54, 56, 57
54, 55, 58, 59
54, 59
54, 55, 56, 58
54, 58
54, 55, 56
54, 56, 58
54, 57, 59
54, 55, 57, 58
54, 55, 57, 58, 59
54, 55, 58
54, 58, 59
54, 56, 58, 59
55, 56
55, 58
55, 57
55, 58, 59
55, 56, 58, 59
55, 56, 58
55, 59
56, 58
56, 57
56, 58, 59
56, 59
56, 57, 59
57, 58
57, 59
58, 59
