0, 28, 35
0, 37
1, 56
2, 98
2, 5, 34, 36, 37
2, 47
2, 14
2, 56
3, 94
3, 32
4, 10
4, 12
5, 7, 29
5, 76
5, 50, 69, 76
5, 55
5, 6
5, 56
5, 22
5, 42
7, 44
7, 14, 37
7, 26, 28
7, 14
7, 22
7, 31
7, 56
8, 73
9, 27, 30
10, 65
11, 42
13, 73
14, 28
14, 92
14, 94
14, 44
14, 73
14, 52
14, 93
14, 88
14, 17
15, 28
15, 22, 34
15, 25
16, 65
16, 89
17, 22
17, 28
18, 77
18, 37
19, 73
19, 59
20, 56
20, 37, 48
21, 66
21, 25
21, 42
22, 42
22, 56
22, 56, 75
22, 28
22, 76
22, 78
22, 87
22, 55
22, 73
22, 28, 42
22, 96
22, 91
22, 75
23, 28
24, 75
25, 39, 58
25, 56
25, 75, 77
26, 56
26, 94
28, 44
28, 50
28, 61
28, 62, 82
28, 65
28, 83
28, 30
30, 85
31, 37
31, 94
32, 44
33, 75
33, 56
34, 38
35, 56
37, 95
37, 40, 46
37, 56, 63
37, 50, 79
39, 44
40, 98
41, 56
41, 88
42, 91
42, 76, 78
42, 75
42, 77
42, 79
42, 56
42, 76, 77
42, 67
42, 76
42, 69
42, 78
42, 87
42, 55
42, 50
42, 59
43, 73
44, 97
44, 78
45, 56
45, 49
46, 78
49, 78
49, 56
50, 56
50, 77
50, 76
50, 78
50, 80
50, 55
50, 66
50, 75
50, 63
51, 79
53, 56
54, 73, 78, 79
55, 56, 67
55, 73
55, 75
55, 96
55, 98
55, 56, 96
55, 56
55, 77
55, 76
55, 78
55, 71
56, 95
56, 72
56, 81
56, 73, 78
56, 92
56, 67
56, 76
56, 85
56, 94
56, 60
56, 78
56, 96
56, 73, 75
56, 71
56, 80
56, 89
56, 73
56, 57
56, 75
56, 77
56, 73, 84
56, 73, 95
57, 71
57, 68, 73
57, 76
58, 67
58, 95
64, 97
65, 85
65, 94
65, 80
66, 70
67, 78
69, 81
73, 88
73, 81
73, 76
73, 94
73, 78
73, 75
73, 89
73, 84
73, 77
73, 95
74, 78
75, 76, 78
75, 76
75, 85
75, 78
75, 96
76, 91
76, 84
76, 77
76, 92
76, 94
76, 78
76, 87
76, 96
77, 78
77, 89
78, 81
78, 85
78, 96
78, 89
79, 83
79, 86
80, 94
85, 89
85, 96
88, 90
