0.6859626191121772
0.7742318132986845
0.8267762538079436
0.8598196706282017
0.8848945205219987
0.903747757081559
0.91835953899395
0.9282649082275949
0.9383049549146805
0.9467121911240302
0.9530095862118568
0.9584448665208012
0.9628222241273956
0.9669650097095186
0.9708988330163116
0.9745156849739013
0.977438740262996
0.9800478449000328
0.9823418985315161
0.9843693246205694
0.986812973482454
0.9885112210529267
0.990796138729322
0.9920658798894119
0.9934778551633873
0.9949851380374011
0.9959784119850911
0.9974686236782088
0.9983370601093574
0.9995019889334754
0.9999709146526264
1.0013199725005415
1.0021432032698359
1.0029935264110574
1.0034840613450784
1.0044703950718485
1.0052189561635183
1.0053175490920772
