0.573
0.5694
0.576
0.5818
0.5786
0.5766
0.5713
0.5789
0.5689
0.5761
0.5752
0.5663
0.5736
0.5754
0.5732
0.5655
0.5666
0.5772
0.5758
0.5737
0.5712
0.5712
0.5693
0.5677
0.5697
0.579
0.5824
0.5776
0.5641
0.5752
0.5696
0.576
0.5682
0.574
0.5697
0.5829
0.575
0.5775
0.5687
0.5781
0.577
0.5756
0.5638
0.5824
0.5725
0.5706
0.5792
0.5785
0.5736
0.5728
0.5725
0.5642
0.57
0.5705
0.5689
0.5809
0.5742
0.5805
0.5728
0.5705
0.5706
0.5704
0.5732
0.5789
0.5689
0.5747
0.5724
0.5706
0.5696
0.5711
0.5792
0.5654
0.5776
0.5699
0.5769
0.5701
0.5761
0.5743
0.5719
0.5673
0.5686
0.5755
0.5782
0.5703
0.5727
0.5725
0.5697
0.5646
0.5752
0.5673
0.5824
0.5761
0.579
0.5756
0.5753
0.5712
0.5717
0.5642
0.5775
0.5691
0.5721
0.5796
0.5751
0.5702
0.5711
0.5723
0.5796
0.5707
0.5656
0.577
0.5804
0.564
0.5779
0.5757
0.5804
0.5723
0.5706
0.572
0.5763
0.569
0.5698
0.5643
0.581
0.5705
0.5825
0.5797
0.5754
0.5691
0.5781
0.5795
0.5688
0.5736
0.5795
0.5679
0.5669
0.5678
0.5672
0.5789
0.567
0.5633
0.5632
0.5813
0.5699
0.5639
0.5765
0.5725
0.5763
0.5749
0.5709
0.5731
0.5656
0.5728
0.578
0.5738
0.5748
0.5753
0.5726
0.5705
0.5703
0.5751
0.569
0.5776
0.5701
0.5799
0.5703
0.5846
0.5814
0.5727
0.5832
0.5718
0.5731
0.5608
0.5783
0.5812
0.5719
0.5781
0.5707
0.5593
0.5634
0.5723
0.5802
0.5736
0.5711
0.5776
0.5763
0.581
0.565
0.5674
0.5732
0.5678
0.5693
0.5741
0.5742
0.573
0.5726
0.5788
0.5754
0.5758
0.575
0.5798
0.5735
0.582
0.5756
0.5798
0.5693
0.57
0.5709
0.562
0.5771
0.5622
0.5763
0.571
0.5726
0.5675
0.5757
0.5696
0.5629
0.5715
0.5727
0.5675
0.5739
0.5741
0.5698
0.5816
0.5747
0.5784
0.5722
0.5659
0.5738
0.571
0.5671
0.5784
0.5671
0.5679
0.5786
0.5712
0.5755
0.5798
0.5693
0.5698
0.5715
0.5714
0.5761
0.5713
0.582
0.5779
0.5668
0.5709
0.5701
0.5779
0.5815
0.5724
0.5675
0.5701
0.5796
0.5727
0.576
0.5716
0.5819
0.5781
0.568
0.5682
0.5752
0.5691
0.5773
0.5794
0.5626
0.5785
0.5688
0.5771
0.5754
0.5757
0.5661
0.5763
0.5752
0.5688
0.5769
0.5704
0.569
0.569
0.5614
0.5749
0.5715
0.5626
0.5748
0.5803
0.5737
0.5896
0.5642
0.5719
0.5748
0.5712
0.5661
0.5743
0.5744
0.5681
0.5827
0.5677
0.5707
0.5688
0.5755
0.5685
0.5705
0.5656
0.572
0.5846
0.5641
0.5754
0.5669
0.58
0.5757
0.5741
0.5758
0.5684
0.5797
0.5784
0.5793
0.5783
0.573
0.5668
0.5722
0.5749
0.5819
0.5773
0.5663
0.5753
0.5747
0.5709
0.5794
0.5854
0.5759
0.5746
0.5739
0.5717
0.5748
0.5608
0.5732
0.5675
0.5822
0.5764
0.5767
0.5731
0.572
0.5746
0.5703
0.5753
0.5762
0.5774
0.5671
0.5766
0.5683
0.576
0.5728
0.5729
0.5676
0.571
0.5699
0.5717
0.5653
0.5739
0.5704
0.5695
0.5759
0.5722
0.5825
0.5736
0.5609
0.5744
0.574
0.566
0.5681
0.5785
0.5726
0.573
0.5734
0.5743
0.5739
0.5697
0.5737
0.574
0.5719
0.573
0.5777
0.5645
0.5755
0.5671
0.5721
0.5796
0.5742
0.5709
0.5723
0.5713
0.5663
0.5696
0.5868
0.5754
0.5777
0.5736
0.5751
0.5754
0.5728
0.5754
0.5732
0.5764
0.5698
0.5752
0.5684
0.5712
0.5655
0.5769
0.5751
0.5735
0.578
0.5661
0.5642
0.5674
0.5705
0.5722
0.5702
0.5707
0.5668
0.5794
0.5761
0.5746
0.5767
0.5693
0.561
0.5703
0.5752
0.5781
0.5741
0.5752
0.5749
0.5598
0.5791
0.5675
0.5715
0.5702
0.5751
0.5719
0.5752
0.5693
0.5729
0.5694
0.5782
0.5763
0.5659
0.5653
0.567
0.5626
0.5699
0.5761
0.5756
0.5763
0.5729
0.5782
0.5697
0.5659
0.5755
0.578
0.5738
0.5713
0.5749
0.5668
0.5777
0.5731
0.5715
0.5805
0.575
0.5806
0.5742
0.5705
0.5654
0.5706
0.5653
0.562
0.5701
0.5666
0.5701
0.5723
0.5633
0.569
0.5702
0.5791
0.577
0.5721
0.576
0.5698
0.5712
0.5729
0.5698
0.5726
0.5759
0.5701
0.5717
0.5809
0.5727
0.5701
0.583
0.5715
0.574
0.5737
0.5798
0.5701
0.5718
0.5676
0.5666
0.5714
0.5669
0.573
0.5706
0.5729
0.5699
0.5691
0.5768
0.571
0.5752
0.5756
0.5701
0.5785
0.5723
0.5748
0.5726
0.5707
0.5792
0.5785
0.5738
0.5711
0.5743
0.579
0.5736
0.573
0.57
0.5764
0.571
0.5718
0.5743
0.5709
0.5669
0.5706
0.5741
0.5769
0.5775
0.5747
0.5642
0.5756
0.5724
0.5678
0.5774
0.5676
0.574
0.5743
0.5786
0.5708
0.5696
0.5787
0.5776
0.5743
0.5698
0.5709
0.5755
0.5668
0.5668
0.5593
0.5774
0.5765
0.5635
0.5746
0.5788
0.5703
0.5697
0.5793
0.5736
0.5722
0.5698
0.5736
0.5744
0.5739
0.5651
0.5763
0.5719
0.5678
0.5724
0.5788
0.578
0.5747
0.5766
0.5737
0.5792
0.5801
0.5772
0.5774
0.5783
0.5758
0.5791
0.5695
0.5759
0.5732
0.5706
0.5658
0.5681
0.5718
0.5738
0.5712
0.5727
0.5719
0.5677
0.5768
0.5731
0.5764
0.5743
0.5715
0.5657
0.5739
0.5721
0.5706
0.5736
0.5778
0.5777
0.5749
0.5771
0.5772
0.5637
0.5623
0.5653
0.5748
0.5669
0.5668
0.569
0.5748
0.5761
0.5868
0.5719
0.5705
0.5821
0.5766
0.573
0.5812
0.5806
0.5753
0.5621
0.5752
0.5792
0.5748
0.5667
0.568
0.5782
0.5775
0.5667
0.568
0.5688
0.566
0.5717
0.5705
0.5718
0.576
0.5775
0.5746
0.5784
0.5793
0.5773
0.5726
0.5745
0.5807
0.5713
0.5699
0.5824
0.5735
0.5791
0.566
0.578
0.5837
0.5731
0.569
0.5768
0.5606
0.5735
0.5786
0.5698
0.5839
0.5766
0.5803
0.5771
0.5719
0.5706
0.5777
0.568
0.5692
0.5729
0.5676
0.5709
0.5683
0.5723
0.5651
0.5807
0.5652
0.5744
0.5726
0.5861
0.577
0.5722
0.5758
0.5722
0.5566
0.5669
0.5704
0.5715
0.575
0.5718
0.5747
0.5726
0.5679
0.5829
0.5671
0.5646
0.5735
0.5668
0.5835
0.563
0.572
0.5666
0.5693
0.5737
0.5789
0.5745
0.574
0.5692
0.5718
0.5704
0.5785
0.5705
0.5787
0.5751
0.5716
0.5682
0.582
0.5703
0.5802
0.5687
0.5664
0.5692
0.57
0.5669
0.5654
0.5695
0.573
0.5667
0.5734
0.5677
0.5703
0.5748
0.5812
0.5733
0.5693
0.5614
0.5701
0.5768
0.5813
0.5745
0.5822
0.5745
0.5676
0.5728
0.564
0.5707
0.5732
0.5693
0.5678
0.578
0.5714
0.5713
0.5769
0.5673
0.5739
0.5741
0.5689
0.5762
0.5744
0.5635
0.5639
0.5795
0.5759
0.5691
0.5752
0.5749
0.5733
0.5774
0.5771
0.5755
0.571
0.5751
0.5682
0.5684
0.5648
0.5778
0.5747
0.5685
0.567
0.5838
0.5776
0.5788
0.574
0.5791
0.5761
0.5742
0.5737
0.574
0.5794
0.5781
0.5702
0.5726
0.5636
0.5689
0.5695
0.5724
0.5731
0.5751
0.5696
0.5733
0.5689
0.5638
0.5778
0.5696
0.5746
0.5776
0.5695
0.5722
0.5689
0.5722
0.5689
0.5711
0.574
0.5736
0.5715
0.5727
0.5674
0.5719
0.5753
0.5716
0.5734
0.5727
0.5748
0.5744
0.5711
0.5695
0.5679
0.574
0.5719
0.5652
0.5747
0.5736
0.5757
0.579
0.5786
0.5653
0.5743
0.5778
0.5776
0.5744
0.5688
0.5744
0.567
0.5746
0.5706
0.5721
0.5795
0.5621
0.5774
0.5717
0.5743
0.5765
0.5722
0.5669
0.5735
0.5741
0.5742
0.574
0.5724
0.5754
0.5747
0.5745
0.565
0.5811
0.5689
0.5672
0.5703
0.5665
0.5761
0.5815
0.583
0.5743
0.5745
0.5733
0.5708
0.5674
0.5819
0.5782
0.5715
0.5655
0.5697
0.5716
0.5738
0.576
0.5697
0.5723
0.5721
0.5823
0.5704
0.5728
0.5643
0.5699
0.573
0.5775
0.5775
0.5725
0.5671
0.5667
0.5726
0.5868
0.5742
0.5773
0.5662
0.5722
0.5713
0.5682
0.5773
0.5721
0.5808
0.5723
0.5768
0.577
0.579
0.5714
0.5667
0.575
0.5711
0.5698
0.5719
0.5764
0.5773
0.5791
0.5699
0.5757
0.5822
0.5751
0.5747
0.5807
0.5731
0.5728
0.5793
0.5798
0.5724
0.5683
0.564
0.5648
0.5721
0.5775
0.5759
0.5605
0.5673
0.5743
0.5729
0.572
0.5698
0.5616
0.5678
0.5796
0.5727
0.5629
0.5795
0.5722
0.5749
0.5813
0.5734
0.5677
0.571
0.5662
0.5762
0.5686
0.5615
0.5709
0.5709
0.5726
0.5551
0.5685
0.5779
0.5738
0.5779
0.5769
0.5665
0.5656
0.5775
0.5733
0.586
0.5713
0.5611
0.573
0.5641
0.5667
0.5792
0.574
0.5752
0.5733
0.5688
0.5797
0.5693
0.5788
0.5745
0.5746
0.5795
0.5737
0.5771
0.5803
0.5732
0.5756
0.5706
0.5738
0.5675
0.5923
0.5692
0.5684
0.5772
0.5653
0.5692
0.5667
0.5799
0.5749
0.5725
0.5702
0.5769
0.5758
0.5832
0.5649
0.5761
0.5695
0.5748
0.5709
0.5758
0.5807
0.5686
0.5854
0.5696
0.5637
0.5733
0.5672
0.5642
0.5715
0.5735
0.5785
0.5692
0.5715
0.5744
0.5834
0.566
0.5777
0.5788
0.5702
0.5608
0.576
0.5728
0.5725
0.5741
0.573
0.577
0.5761
0.5746
0.5752
0.5639
0.5706
0.5713
0.574
0.5714
0.5789
0.574
0.5768
0.5594
0.565
0.5685
0.5761
0.5783
0.5822
0.5737
0.5718
0.57
0.5748
0.5701
0.574
0.5742
0.5753
0.5746
0.5722
0.5626
0.5728
0.5782
0.5716
0.5719
0.5749
0.5809
0.5712
0.57
0.573
0.569
0.5697
0.5649
0.5696
0.5691
0.5796
0.5714
0.5628
0.5727
0.5713
0.5796
0.5733
0.568
0.5676
0.5737
0.5735
0.5735
0.5731
0.5779
0.5697
0.5586
0.5773
0.5672
0.5766
0.5683
0.5723
0.5721
0.5692
0.5821
0.5779
0.5667
0.5706
0.5754
0.5726
0.5685
0.5757
0.5709
0.5721
0.5641
0.5804
0.5731
0.5713
0.5762
0.5688
0.5898
0.5713
0.5744
0.5791
0.5656
0.5715
0.5777
0.5691
0.5706
0.5738
0.5627
0.5698
0.5685
0.5689
0.5784
0.5688
0.5752
0.5763
0.5678
0.5746
0.5758
0.5753
0.5735
0.5707
0.5697
0.5791
0.58
0.5712
0.5735
0.5694
0.5748
0.5691
0.5746
0.5706
0.5671
0.5635
0.5763
0.5727
0.5644
0.5658
0.5698
0.5703
0.5689
0.5685
0.5702
0.5819
0.5701
0.5657
0.5657
0.5806
0.581
0.5727
0.576
0.5775
0.5719
0.5822
0.5732
0.5646
0.5718
0.5645
0.5716
0.5722
0.5763
0.5703
0.5614
0.5812
0.5777
0.5685
0.5772
0.5796
0.5709
0.5721
0.5768
0.5671
0.5873
0.5688
0.5744
0.583
0.5729
0.5664
0.5793
0.5717
0.5804
0.5833
0.5744
0.5742
0.5664
0.57
0.5711
0.5712
0.5783
0.5779
0.5792
0.5804
0.5694
0.5709
0.5715
0.5775
0.5778
0.5761
0.5717
0.5801
0.576
0.5704
0.5725
0.5792
0.5679
0.5759
0.5831
0.5771
0.5708
0.5675
0.581
0.5787
0.573
0.5762
0.5683
0.5766
0.5733
0.5774
0.5708
0.5717
0.5662
0.5778
0.5678
0.5727
0.5591
0.5742
0.5746
0.574
0.5785
0.5618
0.5757
0.569
0.575
0.5752
0.5712
0.573
0.5775
0.5635
0.5731
0.574
0.5797
0.5757
0.5689
0.5746
0.582
0.5762
0.5682
0.5716
0.5748
0.5802
0.5721
0.5707
0.5628
0.5743
0.5708
0.5729
0.5728
0.5697
0.5728
0.5656
0.5714
0.5712
0.5712
0.5779
0.5761
0.572
0.5656
0.569
0.5697
0.5735
0.5738
0.5782
0.5802
0.5624
0.5682
0.5711
0.5808
0.5834
0.5773
0.57
0.5816
0.5725
0.5681
0.566
0.5735
0.5752
0.5718
0.573
0.5716
0.5729
0.5718
0.5782
0.5784
0.585
0.5775
0.5751
0.5725
0.5794
0.5759
0.5712
0.5763
0.5759
0.5724
0.5666
0.5686
0.5591
0.5762
0.5684
0.5728
0.5702
0.5709
0.5718
0.5764
0.572
0.5809
0.5659
0.5751
0.5802
0.5708
0.5711
0.5734
0.5763
0.5695
0.571
0.5789
0.5766
0.5816
0.5763
0.5728
0.5697
0.5692
0.5827
0.5799
0.5642
0.5659
0.5775
0.5691
0.575
0.5709
0.578
0.5876
0.592
0.5714
0.5655
0.5763
0.5773
0.5719
0.5747
0.5677
0.5711
0.5756
0.5679
0.5673
0.5759
0.5695
0.5662
0.5689
0.5747
0.574
0.5803
0.5684
0.5693
0.5685
0.5786
0.5689
0.5743
0.5745
0.5816
0.5706
0.5822
0.563
0.5699
0.5796
0.5768
0.5751
0.5742
0.5759
0.5658
0.5701
0.5733
0.5719
0.5725
0.5806
0.568
0.5598
0.5717
0.5786
0.568
0.5727
0.5687
0.5746
0.5773
0.5744
0.5722
0.5747
0.5717
0.5697
0.5621
0.575
0.5708
0.573
0.5686
0.5741
0.5762
0.5806
0.5697
0.576
0.5612
0.5769
0.5783
0.5774
0.5733
0.5752
0.5788
0.5749
0.5734
0.5712
0.5753
0.5738
0.5766
0.5784
0.5791
0.573
0.5776
0.5793
0.5642
0.5739
0.5834
0.5719
0.5681
0.5793
0.5678
0.5751
0.572
0.56
0.5698
0.5736
0.5829
0.573
0.5727
0.5734
0.5679
0.5814
0.5658
0.5735
0.5774
0.5765
0.5734
0.5739
0.57
0.5732
0.5754
0.5679
0.5753
0.5692
0.5819
0.5734
0.5735
0.5736
0.5686
0.5807
0.5741
0.5763
0.576
0.5718
0.5814
0.5762
0.564
0.5721
0.576
0.5708
0.5715
0.5744
0.573
0.5786
0.5743
0.567
0.5684
0.5692
0.5718
0.576
0.5781
0.5717
0.5784
0.5755
0.5619
0.5761
0.5778
0.5783
0.5764
0.5722
0.5678
0.575
0.5679
0.57
0.572
0.5739
0.5697
0.5765
0.5687
0.5706
0.5713
0.5806
0.5735
0.571
0.5709
0.5734
0.5751
0.5777
0.5739
0.5758
0.5727
0.5806
0.5843
0.5753
0.5673
0.5618
0.5757
0.5736
0.5717
0.5777
0.569
0.5764
0.5723
0.5707
0.578
0.568
0.5706
0.5734
0.5691
0.5715
0.5706
0.5712
0.5745
0.5752
0.5838
0.5725
0.5805
0.5786
0.5777
0.5725
0.5811
0.5752
0.576
0.5657
0.5716
0.5731
0.5741
0.5805
0.5739
0.5807
0.5783
0.5736
0.5798
0.5747
0.5817
0.5696
0.568
0.5699
0.5796
0.5744
0.5726
0.5714
0.5775
0.5786
0.5745
0.5714
0.5744
0.5695
0.5757
0.5725
0.5719
0.5731
0.5794
0.5646
0.5674
0.5727
0.5801
0.5722
0.5775
0.5762
0.5768
0.5828
0.5719
0.5746
0.5864
0.5661
0.5683
0.5768
0.5676
0.5743
0.5646
0.5728
0.5745
0.5738
0.5624
0.5709
0.5607
0.5755
0.572
0.5762
0.5574
0.5659
0.5764
0.5664
0.5742
0.5712
0.5849
0.566
0.574
0.5652
0.5728
0.569
0.58
0.5813
0.5767
0.57
0.574
0.5669
0.5738
0.5684
0.5713
0.5746
0.5804
0.5718
0.5638
0.5735
0.5706
0.57
0.5759
0.5673
0.5726
0.5698
0.569
0.5716
0.5763
0.578
0.5788
0.5705
0.5722
0.5743
0.5739
0.5755
0.5654
0.5745
0.5627
0.5725
0.5796
0.57
0.5703
0.5715
0.5667
0.5797
0.5724
0.5667
0.5704
0.5749
0.5741
0.5743
0.5623
0.5758
0.5738
0.5697
0.5819
0.5795
0.5698
0.5751
0.5753
0.5665
0.5678
0.5697
0.5812
0.5707
0.5716
0.5779
0.5716
0.5777
0.5704
0.5838
0.5767
0.5728
0.576
0.5727
0.577
0.5749
0.5765
0.5659
0.5698
0.5744
0.5797
0.5785
0.5777
0.5705
0.5682
0.5826
0.5699
0.5752
0.5788
0.5701
0.5705
0.5816
0.5761
0.5625
0.5646
0.5742
0.5764
0.5729
0.5704
0.5666
0.5779
0.5698
0.5718
0.5777
0.5753
0.5731
0.5755
0.5765
0.5699
0.5639
0.566
0.5729
0.5728
0.5775
0.5713
0.5808
0.5779
0.569
0.5693
0.5751
0.5772
0.5764
0.5824
0.5754
0.5726
0.5743
0.5681
0.5732
0.5857
0.579
0.5743
0.5763
0.5739
0.5758
0.5729
0.5807
0.5685
0.5654
0.5834
0.5793
0.5799
0.5765
0.5881
0.5795
0.5714
0.573
0.5708
0.5683
0.5687
0.5791
0.576
0.5731
0.5826
0.5768
0.5717
0.5733
0.5665
0.5706
0.5734
0.578
0.571
0.5706
0.5738
0.5778
0.5802
0.5736
0.5732
0.5729
0.5782
0.5742
0.572
0.5742
0.5706
0.5725
0.5694
0.5799
0.5641
0.567
0.5746
0.5799
0.5769
0.5857
0.5837
0.5819
0.579
0.5671
0.5776
0.5681
0.58
0.5749
0.5719
0.5781
0.5816
0.5692
0.5714
0.5725
0.5713
0.5841
0.5703
0.5783
0.5717
0.5791
0.5711
0.5731
0.58
0.5754
0.5819
0.5765
0.5768
0.5687
0.5787
0.5779
0.5684
0.5748
0.5649
0.5763
0.5764
0.5761
0.5779
0.5849
0.5724
0.5768
0.5707
0.5762
0.5741
0.572
0.5819
0.5742
0.5665
0.5687
0.5727
0.582
0.5793
0.569
0.5816
0.5651
0.5667
0.5664
0.573
0.5716
0.5793
0.5625
0.5745
0.5687
0.5741
0.571
0.5744
0.5689
0.5759
0.5769
0.5741
0.5718
0.573
0.5794
0.576
0.5735
0.5732
0.5736
0.5718
0.5733
0.5846
0.5711
0.5886
0.5776
0.577
0.5814
0.5669
0.5797
0.569
0.5789
0.5692
0.5812
0.5812
0.5743
0.571
0.5721
0.5749
0.579
0.5744
0.5731
0.576
0.5806
0.5729
0.5744
0.5722
0.5726
0.5695
0.5717
0.5689
0.5708
0.5709
0.5712
0.5727
0.5738
0.5777
0.5725
0.5645
0.5794
0.5675
0.5729
0.5763
0.5726
0.585
0.5699
0.5711
0.5707
0.5626
0.5777
0.5711
0.5746
0.5739
0.581
0.5713
0.5691
0.5799
0.5665
0.5696
0.5867
0.5768
0.5727
0.5864
0.574
0.5741
0.5765
0.5712
0.5696
0.5708
0.5639
0.5671
0.5802
0.5723
0.5768
0.5687
0.5772
0.5791
0.5761
0.5703
0.5817
0.5819
0.5752
0.5639
0.5834
0.5817
0.5729
0.5742
0.5832
0.5773
0.5748
0.5771
0.5756
0.5703
0.5788
0.5666
0.5762
0.5681
0.5745
0.5799
0.5677
0.5688
0.5732
0.5748
0.5767
0.5682
0.5772
0.5678
0.5745
0.5753
0.5759
0.5738
0.5736
0.5762
0.5753
0.5757
0.5663
0.5725
0.5736
0.5734
0.5736
0.5736
0.568
0.5687
0.5776
0.5713
0.5786
0.5832
0.5699
0.5732
0.5706
0.5725
0.5677
0.5779
0.5733
0.5754
0.5799
0.5673
0.5751
0.5702
0.5792
0.5819
0.5692
0.5763
0.5676
0.5547
0.5768
0.5797
0.5741
0.5745
0.5713
0.574
0.5755
0.5666
0.5716
0.5743
0.5687
0.5718
0.5722
0.5785
0.5748
0.5704
0.5723
0.5728
0.5705
0.5715
0.5673
0.5696
0.5774
0.583
0.5799
0.5699
0.5864
0.5771
0.5696
0.5743
0.574
0.5767
0.5781
0.5735
0.5638
0.569
0.57
0.5766
0.5709
0.5684
0.5734
0.5683
0.5743
0.5774
0.5761
0.5722
0.5685
0.5629
0.5673
0.5798
0.5699
0.5725
0.5774
0.5752
0.5797
0.5736
0.5743
0.5748
0.5752
0.5783
0.5785
0.5816
0.5741
0.5703
0.5739
0.5773
0.5726
0.5775
0.5743
0.5839
0.568
0.5744
0.576
0.5598
0.5743
0.571
0.5658
0.5716
0.5708
0.5748
0.5743
0.5775
0.5783
0.5741
0.5787
0.5802
0.5823
0.5706
0.5724
0.5774
0.5743
0.5784
0.5753
0.5762
0.574
0.5728
0.5692
0.5646
0.5695
0.5752
0.5781
0.5793
0.5754
0.5624
0.5743
0.5808
0.5749
0.5768
0.5762
0.5658
0.5769
0.5764
0.5679
0.5682
0.5708
0.5798
0.5724
0.5732
0.5838
0.5708
0.5706
0.5724
0.5737
0.566
0.5754
0.5765
0.5637
0.5806
0.565
0.5711
0.5797
0.5833
0.5782
0.5781
0.5739
0.5795
0.5739
0.5739
0.5719
0.5774
0.5754
0.5761
0.5667
0.5733
0.5857
0.5752
0.5738
0.5743
0.5722
0.5722
0.5689
0.5814
0.5779
0.5712
0.5737
0.5801
0.571
0.5754
0.5781
0.5688
0.5708
0.5773
0.5821
0.5648
0.57
0.5706
0.5868
0.5752
0.5771
0.5748
0.5779
0.5771
0.5755
0.5693
0.5701
0.5634
0.5773
0.5754
0.5784
0.5729
0.5675
0.5745
0.5835
0.5777
0.5773
0.5737
0.5803
0.5696
0.5737
0.5716
0.5765
0.5717
0.5794
0.5753
0.5696
0.5654
0.5672
0.5791
0.5675
0.5679
0.5761
0.5853
0.5722
0.5699
0.5779
0.5696
0.5671
0.572
0.5738
0.5715
0.5722
0.5785
0.5696
0.5693
0.5623
0.5764
0.569
0.5779
0.5731
0.5783
0.5779
0.5685
0.5787
0.5765
0.5824
0.5661
0.5736
0.5755
0.5763
0.5699
0.5741
0.5709
0.5811
0.5781
0.5758
0.5777
0.5725
0.5771
0.5717
0.5686
0.572
0.5765
0.5743
0.5717
0.5689
0.5659
0.5745
0.5795
0.5736
0.5808
0.5644
0.5812
0.5694
0.5763
0.5737
0.5724
0.5762
0.5794
0.57
0.5675
0.5753
0.5753
0.5716
0.5685
0.5832
0.5748
0.5711
0.5833
0.5701
0.5726
0.5778
0.5811
0.5669
0.5681
0.5629
0.5759
0.5698
0.5767
0.5848
0.5753
0.5828
0.5716
0.5768
0.5732
0.5728
0.5847
0.5661
0.5715
0.5725
0.5745
0.5702
0.5737
0.5779
0.582
0.5789
0.5768
0.5653
0.5728
0.5791
0.5671
0.5804
0.5777
0.5777
0.5801
0.5818
0.564
0.5713
0.5738
0.5829
0.5734
0.5759
0.5744
0.5706
0.5654
0.5839
0.5798
0.5813
0.5743
0.5786
0.5701
0.571
0.5672
0.5755
0.575
0.5802
0.5717
0.5696
0.5672
0.5713
0.5652
0.5767
0.5662
0.5713
0.5784
0.5755
0.5686
0.5691
0.5778
0.5738
0.5676
0.5739
0.5708
0.5786
0.5761
0.5767
0.5723
0.5787
0.576
0.5822
0.5795
0.5731
0.578
0.5713
0.5753
0.5783
0.5812
0.5812
0.5695
0.57
0.5674
0.5684
0.5766
0.5758
0.567
0.5726
0.5772
0.5827
0.5739
0.5805
0.5701
0.5637
0.5813
0.582
0.577
0.5841
0.5856
0.5791
0.5799
0.5715
0.5772
0.5724
0.5769
0.5841
0.5659
0.5744
0.5781
0.5784
0.5832
0.5755
0.5794
0.5856
0.5779
0.5765
0.5839
0.5747
0.5735
0.5772
0.584
0.5728
0.5743
0.5694
0.581
0.5797
0.5661
0.578
0.5783
0.5724
0.5748
0.5708
0.5753
0.5806
0.573
0.5792
0.5833
0.5785
0.5752
0.5839
0.574
0.5765
0.5746
0.5711
0.5786
0.5746
0.5727
0.572
0.577
0.5805
0.5755
0.5747
0.5689
0.5789
0.5711
0.5745
0.5815
0.5684
0.5716
0.5696
0.572
0.5791
0.5804
0.5803
0.5703
0.5752
0.5756
0.5642
0.5753
0.5728
0.5707
0.5756
0.5754
0.5777
0.5769
0.5842
0.5725
0.5725
0.5764
0.5709
0.5744
0.5735
0.5695
0.5768
0.5783
0.578
0.5855
0.5813
0.5761
0.5728
0.5643
0.5694
0.5774
0.5735
0.575
0.5667
0.5791
0.5742
0.5792
0.5793
0.5687
0.5693
0.57
0.569
0.5711
0.573
0.572
0.5685
0.5788
0.5669
0.5741
0.5856
0.5799
0.5715
0.572
0.5801
0.571
0.5818
0.5766
0.5694
0.5726
0.5702
0.5696
0.5675
0.5744
0.5682
0.5742
0.5749
0.5672
0.5678
0.5765
0.5851
0.5762
0.5764
0.5662
0.5791
0.5687
0.5797
0.5776
0.5797
0.5681
0.5797
0.5744
0.5834
0.5687
0.5718
0.5755
0.5678
0.5845
0.5766
0.5666
0.5721
0.5781
0.5656
0.5733
0.5838
0.5792
0.5797
0.5691
0.5769
0.5686
0.5763
0.5766
0.5725
0.5698
0.5706
0.5763
0.5679
0.5728
0.5704
0.5734
0.5704
0.5771
0.5741
0.5812
0.5778
0.5706
0.5763
0.5751
0.5707
0.5713
0.5703
0.572
0.577
0.5787
0.5746
0.579
0.5807
0.5808
0.5814
0.5723
0.5751
0.5773
0.5752
0.5749
0.5804
0.572
0.5724
0.569
0.5882
0.5796
0.5776
0.5733
0.5756
0.5762
0.5783
0.572
0.5769
0.5845
0.5764
0.5683
0.5761
0.5732
0.5709
0.5748
0.5672
0.573
0.5725
0.5705
0.581
0.5769
0.5711
0.5651
0.5775
0.5783
0.581
0.5795
0.5767
0.578
0.5782
0.5684
0.5732
0.5721
0.5756
0.5768
0.5844
0.577
0.5804
0.5841
0.5711
0.5754
0.5762
0.5714
0.5808
0.5668
0.5848
0.5836
0.5796
0.5753
0.58
0.5835
0.584
0.5757
0.5763
0.5761
0.5784
0.576
0.5783
0.5755
0.5809
0.5782
0.5711
0.5847
0.5707
0.5816
0.5767
0.5755
0.5801
0.5774
0.5673
0.5784
0.5887
0.5744
0.571
0.5814
0.5751
0.5812
0.577
0.568
0.5815
0.5805
0.5778
0.563
0.577
0.5665
0.5719
0.5768
0.5708
0.5584
0.5765
0.5897
0.5651
0.5629
0.5719
0.5734
0.579
0.5838
0.5747
0.5785
0.5719
0.5754
0.5777
0.5757
0.5714
0.5771
0.5749
0.5762
0.5733
0.5804
0.5744
0.5686
0.5667
0.5693
0.5801
0.5783
0.5849
0.5704
0.5666
0.5736
0.5774
0.5754
0.578
0.5719
0.5687
0.5776
0.5701
0.5729
0.5656
0.5772
0.5654
0.5662
0.5773
0.5758
0.5767
0.5802
0.5666
0.5751
0.5804
0.5793
0.5684
0.568
0.5812
0.5832
0.5763
0.5843
0.5721
0.5759
0.5758
0.5702
0.5763
0.5722
0.5722
0.5814
0.5741
0.5603
0.5775
0.5719
0.5781
0.57
0.5747
0.5734
0.5747
0.5772
0.5727
0.5775
0.5848
0.5749
0.5779
0.5703
0.5751
0.5771
0.5801
0.5758
0.5838
0.5696
0.5678
0.5791
0.5861
0.5721
0.5731
0.5732
0.577
0.5732
0.5684
0.5769
0.5736
0.5753
0.5782
0.5886
0.5745
0.5721
0.5743
0.5723
0.5727
0.5812
0.5686
0.5721
0.587
0.5831
0.583
0.5668
0.58
0.568
0.5682
0.5719
0.5691
0.5752
0.5751
0.5714
0.5736
0.582
0.5742
0.5694
0.5793
0.5787
0.5784
0.5793
0.5773
0.5776
0.5632
0.5685
0.5715
0.5777
0.5678
0.5615
0.5756
0.5758
0.5795
0.5732
0.576
0.5764
0.5772
0.5666
0.5756
0.5663
0.5764
0.577
0.5747
0.5718
0.5752
0.5719
0.5722
0.577
0.5776
0.5723
0.586
0.582
0.5638
0.5753
0.5817
0.5654
0.5703
0.5874
0.569
0.5715
0.5726
0.5795
0.5794
0.579
0.573
0.5772
0.5716
0.5682
0.5679
0.5829
0.568
0.5628
0.579
0.5754
0.5812
0.577
0.5835
0.5683
0.5735
0.5774
0.5692
0.5738
0.5807
0.5753
0.5763
0.5795
0.579
0.5717
0.5654
0.5685
0.5748
0.5741
0.5821
0.5721
0.5746
0.5711
0.5722
0.5713
0.5737
0.5717
0.5794
0.5705
0.5745
0.5824
0.5795
0.5752
0.5687
0.5706
0.5793
0.5845
0.5819
0.5835
0.5679
0.5759
0.585
0.5735
0.5666
0.5781
0.5743
0.5714
0.575
0.5907
0.5777
0.5821
0.5732
0.5767
0.5784
0.5756
0.5683
0.5737
0.5734
0.5763
0.5799
0.5722
0.5791
0.5686
0.574
0.5681
0.5825
0.5702
0.5748
0.5791
0.5795
0.5693
0.5691
0.579
0.5857
0.5724
0.5802
0.5736
0.5733
0.5774
0.5858
0.5724
0.5734
0.5746
0.5762
0.5781
0.5746
0.5725
0.5829
0.5715
0.571
0.573
0.5774
0.5743
0.5726
0.5775
0.5816
0.5784
0.5694
0.5734
0.5828
0.5663
0.5821
0.5818
0.5727
0.5808
0.5722
0.5731
0.5694
0.5776
0.5751
0.589
0.5793
0.5767
0.5676
0.5833
0.57
0.5744
0.5693
0.5678
0.5653
0.5676
0.583
0.5758
0.579
0.5813
0.5765
0.5731
0.573
0.5697
0.5655
0.5635
0.579
0.5684
0.5722
0.5701
0.5714
0.5805
0.5824
0.577
0.5699
0.5852
0.5638
0.5762
0.5757
0.5701
0.5785
0.5738
0.5769
0.5817
0.5766
0.5798
0.5859
0.5799
0.5743
0.5774
0.5632
0.5876
0.5787
0.574
0.5873
0.5779
0.5761
0.5762
0.5731
0.5708
0.5714
0.5717
0.5727
0.5755
0.5763
0.5829
0.573
0.5744
0.5776
0.5813
0.5722
0.5801
0.5805
0.5785
0.5796
0.5791
0.5674
0.5797
0.5788
0.5852
0.5736
0.5783
0.5852
0.5601
0.5796
0.5742
0.5794
0.5821
0.5781
0.5858
0.5694
0.583
0.5747
0.577
0.5734
0.5833
0.5756
0.5782
0.5676
0.5852
0.5733
0.5633
0.5771
0.5675
0.5863
0.5728
0.5795
0.574
0.5766
0.5691
0.5766
0.5747
0.5739
0.577
0.5735
0.576
0.571
0.5763
0.5736
0.577
0.5719
0.5693
0.5731
0.5811
0.5698
0.5713
0.5715
0.5759
0.5695
0.5684
0.5824
0.5719
0.5765
0.5904
0.5754
0.5849
0.5831
0.5665
0.5834
0.5689
0.57
0.5785
0.5734
0.5762
0.5887
0.5839
0.5682
0.5744
0.5755
0.5745
0.5652
0.5748
0.5821
0.5771
0.5773
0.5712
0.5743
0.5675
0.5751
0.578
0.575
0.5732
0.5774
0.5811
0.5813
0.5881
0.579
0.5733
0.5743
0.5797
0.5637
0.5752
0.5762
0.5726
0.574
0.5782
0.5773
0.5763
0.5718
0.5815
0.577
0.5679
0.5672
0.5759
0.5854
0.5743
0.5823
0.5708
0.5697
0.5687
0.577
0.5773
0.5726
0.5808
0.5837
0.5686
0.5787
0.5851
0.5853
0.5763
0.5731
0.5779
0.592
0.5796
0.579
0.5782
0.5772
0.5756
0.5666
0.5714
0.5634
0.5846
0.5786
0.5709
0.5788
0.5775
0.5774
0.5775
0.5708
0.5789
0.5721
0.5707
0.583
0.5796
0.574
0.5802
0.5735
0.5744
0.5733
0.5864
0.5673
0.5666
0.5688
0.5782
0.5853
0.5694
0.566
0.5768
0.5787
0.5798
0.5838
0.5782
0.5731
0.5802
0.5726
0.5744
0.5722
0.5713
0.5721
0.5745
0.5717
0.5727
0.572
0.5708
0.5776
0.5735
0.5759
0.5772
0.5798
0.5673
0.571
0.5752
0.5738
0.5746
0.587
0.5699
0.5739
0.5728
0.5897
0.5783
0.5802
0.5775
0.5749
0.5823
0.5767
0.5755
0.5765
0.5661
0.5755
0.5696
0.5821
0.5734
0.5769
0.5702
0.5629
0.5798
0.5798
0.5933
0.5861
0.5742
0.5736
0.5635
0.5893
0.5716
0.5841
0.5779
0.5754
0.5615
0.5707
0.5782
0.5771
0.5715
0.5888
0.5736
0.5698
0.5796
0.5786
0.5647
0.5755
0.5839
0.567
0.5832
0.5803
0.5693
0.5682
0.5811
0.5727
0.5691
0.5878
0.5707
0.575
0.5795
0.5708
0.5776
0.5786
0.5717
0.5759
0.5826
0.5774
0.5699
0.5822
0.584
0.5825
0.5825
0.5791
0.5726
0.5782
0.5752
0.5736
0.588
0.5731
0.5714
0.5724
0.5909
0.5856
0.5794
0.575
0.578
0.5723
0.5742
0.5703
0.5825
0.5773
0.578
0.578
0.573
0.581
0.5733
0.5842
0.5754
0.5774
0.5738
0.5843
0.5689
0.5634
0.5748
0.5871
0.5672
0.5661
0.5687
0.5749
0.5709
0.5713
0.5834
0.5727
0.5822
0.582
0.5785
0.5691
0.581
0.5741
0.58
0.5687
0.5762
0.5755
0.5793
0.573
0.5768
0.5719
0.5761
0.5819
0.5799
0.5686
0.5842
0.5739
0.5748
0.5808
0.5761
0.5835
0.5744
0.5685
0.5742
0.5803
0.5778
0.5761
0.5834
0.5815
0.5817
0.5792
0.5744
0.5604
0.5807
0.5789
0.571
0.5754
0.5785
0.5734
0.5798
0.5788
0.5782
0.5686
0.5795
0.5836
0.5823
0.5799
0.5759
0.574
0.5723
0.586
0.5833
0.5859
0.5765
0.5715
0.5761
0.5744
0.5935
0.5733
0.5734
0.5776
0.5748
0.5704
0.5707
0.5655
0.5787
0.5712
0.5761
0.5739
0.5831
0.5765
0.581
0.5685
0.5784
0.5761
0.5746
0.5769
0.5815
0.5754
0.5804
0.5849
0.5714
0.5792
0.5789
0.5772
0.5772
0.5796
0.5721
0.5762
0.5753
0.5715
0.5794
0.5875
0.5782
0.5737
0.5807
0.5764
0.5769
0.5746
0.5884
0.585
0.5776
0.5673
0.5785
0.5723
0.5848
0.5761
0.583
0.5776
0.5736
0.5749
0.5821
0.578
0.574
0.5789
0.5776
0.5785
0.5762
0.5868
0.5717
0.5787
0.571
0.5773
0.5767
0.5755
0.5766
0.5783
0.5808
0.5773
0.5721
0.5777
0.5725
0.5718
0.5676
0.5747
0.5678
0.5781
0.5731
0.5796
0.5807
0.5733
0.5857
0.5799
0.5689
0.5693
0.5673
0.5781
0.5768
0.5682
0.5767
0.568
0.5765
0.5831
0.5811
0.5848
0.5753
0.5801
0.5774
0.5749
0.5884
0.5835
0.5828
0.5744
0.577
0.5797
0.5698
0.5727
0.5719
0.5836
0.5823
0.5835
0.5768
0.5806
0.5831
0.5729
0.5838
0.5721
0.5756
0.5858
0.5827
0.5794
0.5767
0.5767
0.5766
0.5672
0.5764
0.5761
0.5769
0.5771
0.5771
0.5791
0.5843
0.5734
0.5668
0.5804
0.5789
0.5868
0.5786
0.5719
0.5754
0.5748
0.575
0.5761
0.5683
0.5766
0.5743
0.577
0.5801
0.5784
0.5727
0.5758
0.5906
0.5727
0.5695
0.5793
0.5786
0.5794
0.574
0.5722
0.5746
0.5768
0.576
0.587
0.5784
0.5722
0.5704
0.5724
0.5767
0.5805
0.5677
0.5721
0.5792
0.576
0.5682
0.5776
0.5794
0.5718
0.579
0.5792
0.5778
0.5734
0.5755
0.5877
0.576
0.5767
0.5739
0.591
0.5739
0.5751
0.5887
0.577
0.5753
0.5759
0.5891
0.5689
0.5782
0.576
0.5834
0.5821
0.5786
0.5744
0.5824
0.5763
0.5793
0.5825
0.5775
0.5789
0.5832
0.5693
0.5726
0.5827
0.5847
0.5785
0.5725
0.5757
0.5796
0.5793
0.5779
0.5753
0.5675
0.5772
0.5712
0.5647
0.5744
0.5814
0.5706
0.5768
0.5752
0.5695
0.5845
0.5809
0.5753
0.5717
0.5695
0.5775
0.5754
0.5851
0.5743
0.574
0.578
0.5745
0.5741
0.5761
0.5747
0.5642
0.579
0.5804
0.5703
0.5749
0.5788
0.5882
0.5706
0.5718
0.5642
0.5783
0.5792
0.582
0.5818
0.5702
0.5797
0.5757
0.5831
0.5874
0.5811
0.5731
0.573
0.5737
0.5891
0.5824
0.5741
0.5828
0.5714
0.5768
0.5747
0.5794
0.5819
0.5767
0.5751
0.5696
0.5733
0.5782
0.5767
0.5686
0.5792
0.5773
0.5783
0.5756
0.5855
0.576
0.5713
0.5697
0.5839
0.5718
0.5764
0.5778
0.5808
0.5732
0.5779
0.5759
0.567
0.5757
0.5862
0.5636
0.5741
0.5763
0.5785
0.5755
0.5742
0.5847
0.5833
0.5778
0.5757
0.5774
0.5775
0.5756
0.5705
0.5772
0.5777
0.5738
0.5676
0.5743
0.5784
0.565
0.5754
0.5784
0.5794
0.578
0.5827
0.5663
0.5797
0.5736
0.5805
0.5729
0.5799
0.5878
0.5781
0.5774
0.5818
0.5862
0.5806
0.5772
0.5693
0.5764
0.5934
0.5698
0.5657
0.5762
0.5855
0.5822
0.5757
0.5777
0.5829
0.5685
0.5779
0.5729
0.5764
0.585
0.5828
0.5794
0.5879
0.5804
0.5779
0.5756
0.5828
0.5809
0.573
0.5726
0.5752
0.5739
0.583
0.5712
0.578
0.5798
0.5767
0.5824
0.5744
0.5776
0.5804
0.5734
0.5824
0.5767
0.576
0.5766
0.5708
0.5806
0.5928
0.5823
0.5775
0.5759
0.5823
0.5782
0.5674
0.5763
0.5836
0.5771
0.5891
0.5692
0.5813
0.589
0.5791
0.5766
0.5722
0.5883
0.5732
0.5767
0.5767
0.5883
0.5885
0.5792
0.5783
0.5884
0.5775
0.5753
0.5743
0.5777
0.5827
0.5752
0.5761
0.5766
0.573
0.5748
0.5743
0.5812
0.5807
0.5754
0.5743
0.5787
0.5696
0.57
0.568
0.5711
0.5766
0.5754
0.5873
0.5751
0.5841
0.5748
0.5934
0.5761
0.582
0.5779
0.5689
0.5846
0.5755
0.5777
0.5827
0.5879
0.5838
0.5718
0.5741
0.5758
0.5793
0.5791
0.5794
0.591
0.5751
0.5802
0.577
0.5845
0.574
0.5861
0.5753
0.5776
0.5857
0.5752
0.5766
0.586
0.5824
0.5815
0.5728
0.5693
0.5747
0.5779
0.5804
0.5706
0.5714
0.575
0.5724
0.5751
0.5778
0.5707
0.5837
0.5833
0.5709
0.5784
0.5891
0.5746
0.5747
0.5734
0.5695
0.5804
0.5787
0.5727
0.5858
0.5784
0.5867
0.5768
0.5737
0.5742
0.5728
0.5819
0.5789
0.5782
0.5838
0.5656
0.5774
0.5792
0.5818
0.5945
0.5736
0.5798
0.5814
0.5774
0.5762
0.587
0.576
0.5799
0.5765
0.5718
0.5856
0.5754
0.5824
0.5794
0.5718
0.5819
0.5771
0.5692
0.5804
0.5912
0.5817
0.5871
0.5779
0.5766
0.5763
0.5783
0.5761
0.5917
0.5757
0.5685
0.5739
0.5948
0.5871
0.5729
0.574
0.5792
0.5739
0.576
0.5807
0.581
0.5844
0.5802
0.5742
0.5692
0.583
0.5777
0.5789
0.5831
0.582
0.5824
0.5766
0.5788
0.5747
0.5769
0.5703
0.5765
0.5812
0.5896
0.5829
0.5764
0.5737
0.5834
0.5821
0.5678
0.5712
0.5802
0.5712
0.5669
0.5871
0.5906
0.584
0.5864
0.587
0.5759
0.5717
0.577
0.5817
0.5712
0.5802
0.5776
0.5805
0.5839
0.5763
0.5861
0.575
0.5821
0.574
0.5732
0.5746
0.5794
0.5857
0.5835
0.575
0.5744
0.5868
0.5874
0.5787
0.5861
0.5726
0.5747
0.5877
0.5846
0.5844
0.5732
0.5835
0.5765
0.5806
0.5811
0.5758
0.581
0.5757
0.5847
0.5675
0.5749
0.5847
0.5823
0.5747
0.58
0.576
0.5786
0.5707
0.5708
0.576
0.59
0.5846
0.5921
0.5736
0.5863
0.572
0.5811
0.5668
0.5747
0.5797
0.5804
0.5807
0.5774
0.5952
0.5844
0.5773
0.5778
0.5749
0.5803
0.5774
0.5865
0.5786
0.5778
0.588
0.5797
0.5714
0.5746
0.5751
0.5856
0.5759
0.5795
0.5864
0.5809
0.5751
0.5834
0.5853
0.583
0.5846
0.5864
0.5821
0.5767
0.5789
0.5713
0.5836
0.5654
0.5763
0.5857
0.5794
0.5847
0.591
0.5824
0.5772
0.5767
0.5731
0.568
0.58
0.5859
0.5808
0.5821
0.5808
0.5786
0.5789
0.5733
0.5827
0.5772
0.5761
0.5779
0.5772
0.5781
0.5792
0.5777
0.5799
0.5824
0.5909
0.5747
0.573
0.5843
0.5774
0.5833
0.5768
0.5841
0.5783
0.5781
0.5773
0.5779
0.5725
0.574
0.5716
0.5836
0.5725
0.5727
0.586
0.5804
0.5863
0.5693
0.576
0.5772
0.5696
0.5775
0.5807
0.5895
0.5776
0.5761
0.5792
0.5688
0.5861
0.575
0.577
0.5752
0.5758
0.5778
0.5791
0.5672
0.5837
0.5804
0.5814
0.5776
0.5837
0.5728
0.5747
0.5686
0.576
0.582
0.5846
0.5895
0.5772
0.5792
0.5721
0.5703
0.5664
0.5796
0.5854
0.5774
0.5797
0.5696
0.5731
0.5706
0.5732
0.5769
0.5775
0.5805
0.5766
0.5905
0.5811
0.5634
0.5874
0.5769
0.575
0.5736
0.5715
0.5875
0.5851
0.5894
0.5793
0.583
0.5762
0.5804
0.5723
0.566
0.575
0.5837
0.5798
0.5773
0.5837
0.5795
0.5855
0.5834
0.5812
0.5819
0.5833
0.5777
0.5853
0.5881
0.5704
0.5794
0.5858
0.5757
0.5749
0.5793
0.5926
0.5864
0.5787
0.5653
0.5704
0.5813
0.5903
0.593
0.5769
0.5729
0.5825
0.5687
0.5832
0.5759
0.588
0.5905
0.5824
0.5836
0.5861
0.5747
0.5911
0.5818
0.5766
0.5724
0.5799
0.5653
0.576
0.5826
0.5724
0.5872
0.5723
0.5784
0.5816
0.5775
0.5866
0.5859
0.5738
0.585
0.5879
0.5788
0.5806
0.5897
0.5873
0.5831
0.5813
0.5803
0.575
0.5788
0.5831
0.5793
0.5811
0.5799
0.5851
0.5786
0.5701
0.576
0.5739
0.5828
0.5808
0.5792
0.5593
0.5751
0.5752
0.5798
0.579
0.5822
0.5802
0.5779
0.5843
0.5826
0.5711
0.5772
0.5742
0.5862
0.5765
0.5724
0.5805
0.581
0.5778
0.5793
0.579
0.5818
0.5678
0.5742
0.5701
0.575
0.5837
0.5775
0.5794
0.583
0.5779
0.5875
0.5804
0.5771
0.5767
0.5722
0.5727
0.585
0.5778
0.5799
0.5781
0.5857
0.58
0.5778
0.5763
0.5918
0.5769
0.5757
0.5987
0.575
0.5679
0.5763
0.5738
0.5753
0.5707
0.5887
0.5811
0.5785
0.5808
0.5843
0.5747
0.5815
0.5712
0.5865
0.5777
0.5855
0.5749
0.5734
0.5763
0.5903
0.5761
0.5832
0.5795
0.5791
0.5819
0.577
0.5825
0.5778
0.5769
0.5784
0.5848
0.5762
0.5777
0.5717
0.5843
0.5822
0.5907
0.5793
0.5755
0.5788
0.593
0.575
0.5791
0.5776
0.5772
0.5747
0.5693
0.5754
0.5788
0.5866
0.5749
0.5774
0.5811
0.5727
0.5829
0.5701
0.5853
0.5834
0.5886
0.5837
0.5874
0.5808
0.5817
0.5803
0.5764
0.5878
0.5674
0.5761
0.5786
0.5764
0.5913
0.5832
0.5858
0.585
0.5849
0.5757
0.5695
0.572
0.5803
0.5751
0.5809
0.5753
0.5824
0.5821
0.5805
0.5756
0.5779
0.5729
0.5759
0.5758
0.5774
0.5862
0.5828
0.5862
0.5758
0.581
0.5753
0.5853
0.5791
0.5766
0.579
0.5689
0.5807
0.5878
0.5818
0.5871
0.5841
0.5747
0.5662
0.5843
0.5773
0.581
0.584
0.5796
0.5736
0.5875
0.5895
0.5908
0.5773
0.5797
0.5796
0.5841
0.5774
0.5842
0.5856
0.5904
0.5842
0.5787
0.5822
0.5831
0.5721
0.5859
0.5826
0.5826
0.5929
0.5817
0.5889
0.5865
0.587
0.5808
0.5793
0.5829
0.5881
0.587
0.583
0.5828
0.579
0.5834
0.5763
0.5822
0.5733
0.5869
0.5792
0.5841
0.5825
0.5881
0.5889
0.6022
0.5818
0.5742
0.5807
0.591
0.5851
0.5726
0.5765
0.5838
0.5883
0.5866
0.5749
0.5732
0.5774
0.5758
0.5778
0.5743
0.5864
0.5767
0.5827
0.5831
0.585
0.5841
0.5715
0.5751
0.5821
0.5722
0.5839
0.5909
0.5829
0.5771
0.5777
0.5709
0.5788
0.5744
0.5656
0.5827
0.5836
0.5787
0.5797
0.5808
0.5855
0.5803
0.5905
0.5905
0.5905
0.5774
0.5831
0.5909
0.571
0.58
0.5787
0.5785
0.5787
0.5877
0.5824
0.5697
0.5841
0.5785
0.5842
0.5708
0.5862
0.5722
0.5746
0.5805
0.5809
0.5868
0.5808
0.5843
0.5769
0.587
0.5791
0.5803
0.5745
0.5924
0.5791
0.5859
0.573
0.5721
0.5813
0.5863
0.5815
0.5775
0.5776
0.5842
0.5857
0.5773
0.5833
0.5666
0.5828
0.5807
0.5793
0.5848
0.583
0.5853
0.5832
0.5905
0.5823
0.5777
0.5852
0.5902
0.5895
0.5746
0.5736
0.5776
0.5808
0.5775
0.5837
0.5749
0.5793
0.5857
0.5807
0.5735
0.6018
0.5822
0.577
0.5911
0.5711
0.5736
0.576
0.5752
0.5811
0.5794
0.5857
0.5645
0.583
0.5829
0.578
0.565
0.5842
0.5914
0.5866
0.5764
0.5753
0.5858
0.5961
0.5856
0.5844
0.5787
0.5798
0.5787
0.582
0.5766
0.573
0.5825
0.5772
0.5877
0.5841
0.577
0.577
0.5815
0.5894
0.5814
0.5799
0.5828
0.5787
0.5945
0.5767
0.5811
0.5838
0.5817
0.585
0.578
0.5743
0.5744
0.5821
0.5794
0.5901
0.5816
0.5824
0.5743
0.5803
0.5738
0.5691
0.5807
0.5789
0.5846
0.5821
0.5806
0.5776
0.5708
0.5812
0.5787
0.5815
0.5835
0.5884
0.587
0.5836
0.5801
0.5821
0.5787
0.5785
0.5805
0.5819
0.5818
0.5705
0.581
0.5862
0.5777
0.5781
0.5887
0.5761
0.5825
0.5965
0.5815
0.5897
0.5823
0.5943
0.5757
0.5947
0.5747
0.5959
0.5784
0.573
0.5801
0.5803
0.5922
0.5831
0.5851
0.579
0.591
0.5843
0.5747
0.5769
0.5695
0.5827
0.5806
0.5802
0.5729
0.5763
0.5755
0.5717
0.5786
0.583
0.5838
0.5817
0.5842
0.5815
0.5733
0.5764
0.5859
0.5965
0.5902
0.5773
0.5793
0.5706
0.5794
0.5797
0.5803
0.5831
0.5741
0.5796
0.5793
0.5826
0.5753
0.5997
0.5773
0.5837
0.5824
0.5921
0.59
0.5691
0.5865
0.5853
0.5848
0.5806
0.575
0.5821
0.5864
0.5858
0.5712
0.5813
0.5757
0.5857
0.5696
0.5781
0.588
0.5763
0.5803
0.5866
0.588
0.5785
0.588
0.5905
0.5938
0.5823
0.5804
0.5859
0.5812
0.5747
0.5817
0.5945
0.5716
0.5748
0.5834
0.5796
0.576
0.5765
0.5905
0.5809
0.5837
0.5815
0.5812
0.5904
0.5905
0.6009
0.5867
0.5766
0.574
0.5762
0.5753
0.5898
0.5777
0.5724
0.5804
0.579
0.5769
0.5804
0.5874
0.5791
0.5817
0.5783
0.5849
0.5848
0.5848
0.5768
0.5833
0.5879
0.5931
0.5779
0.5854
0.5831
0.5809
0.5813
0.5911
0.5859
0.5785
0.5763
0.5812
0.5837
0.5785
0.5846
0.5841
0.5861
0.5819
0.5795
0.5755
0.5821
0.5883
0.5808
0.5828
0.5723
0.5774
0.5805
0.5795
0.5817
0.5918
0.5771
0.5821
0.5861
0.5862
0.5778
0.5732
0.592
0.5793
0.5605
0.5953
0.58
0.584
0.5829
0.5762
0.5784
0.5818
0.587
0.5801
0.5747
0.574
0.5731
0.584
0.585
0.581
0.5762
0.5888
0.5932
0.5764
0.5885
0.5771
0.5891
0.5929
0.5732
0.5976
0.5856
0.5782
0.5642
0.588
0.589
0.5813
0.5843
0.5804
0.586
0.5835
0.5827
0.5831
0.5842
0.5748
0.572
0.5883
0.5874
0.5894
0.5913
0.5753
0.5809
0.5866
0.5758
0.5811
0.5991
0.576
0.5738
0.5784
0.5797
0.5965
0.5836
0.5805
0.5903
0.5764
0.5806
0.585
0.5738
0.5847
0.5935
0.5904
0.5849
0.5843
0.5786
0.5768
0.5808
0.5838
0.5743
0.5706
0.5745
0.5878
0.5889
0.5894
0.5794
0.5774
0.588
0.581
0.5978
0.5739
0.5824
0.5737
0.5824
0.5795
0.5733
0.5739
0.5732
0.5799
0.578
0.5739
0.5842
0.5704
0.5846
0.5716
0.5889
0.5814
0.5972
0.5774
0.5869
0.5737
0.5815
0.5699
0.5788
0.5833
0.5743
0.584
0.5908
0.5814
0.5934
0.5825
0.5792
0.5833
0.5863
0.5921
0.5816
0.583
0.5908
0.5851
0.5815
0.582
0.5915
0.5991
0.572
0.5767
0.5821
0.5919
0.5827
0.5864
0.5865
0.5863
0.5753
0.5905
0.5882
0.5878
0.5922
0.585
0.5743
0.5876
0.5862
0.5854
0.5999
0.5956
0.5814
0.5847
0.5725
0.5785
0.5813
0.5761
0.5842
0.5858
0.5695
0.5758
0.5866
0.579
0.5732
0.5796
0.586
0.5743
0.5809
0.5827
0.5793
0.5914
0.5825
0.5714
0.5772
0.5867
0.586
0.5716
0.5821
0.5751
0.5775
0.5869
0.5753
0.584
0.5766
0.5762
0.5865
0.588
0.5734
0.5765
0.5777
0.5839
0.5979
0.5872
0.5848
0.5851
0.5786
0.5658
0.5782
0.5733
0.5872
0.5746
0.5865
0.5868
0.5854
0.5876
0.5878
0.5769
0.5998
0.575
0.5767
0.5846
0.5784
0.5802
0.5932
0.581
0.5832
0.5869
0.5776
0.5734
0.5769
0.5872
0.5761
0.5778
0.5749
0.5855
0.5762
0.5903
0.5835
0.5901
0.5757
0.5869
0.5956
0.5951
0.5871
0.5811
0.5807
0.5841
0.5852
0.5789
0.584
0.5817
0.5723
0.5853
0.5808
0.5823
0.5829
0.5835
0.5923
0.5816
0.5767
0.589
0.5937
0.572
0.585
0.5861
0.5828
0.5721
0.5867
0.5878
0.5877
0.5783
0.5917
0.5744
0.5794
0.5851
0.5752
0.5794
0.5841
0.5828
0.5854
0.5829
0.5825
0.5879
0.5902
0.588
0.5783
0.58
0.5858
0.5812
0.582
0.5831
0.5921
0.5862
0.5865
0.5807
0.5824
0.5868
0.5908
0.5856
0.5937
0.5738
0.5795
0.575
0.5866
0.58
0.5889
0.581
0.5953
0.5933
0.5853
0.5867
0.5803
0.5846
0.5736
0.593
0.5801
0.5784
0.5788
0.5743
0.5823
0.583
0.5743
0.5858
0.5899
0.5815
0.5894
0.5754
0.5795
0.5875
0.5784
0.583
0.5828
0.5757
0.587
0.5959
0.586
0.5934
0.5859
0.5959
0.5734
0.592
0.5895
0.5834
0.5781
0.6008
0.5999
0.5873
0.5832
0.5872
0.5759
0.5941
0.584
0.5843
0.5967
0.6048
0.5773
0.5876
0.5792
0.5722
0.5863
0.5819
0.589
0.5969
0.5698
0.5774
0.5934
0.588
0.5809
0.5752
0.5908
0.5904
0.5857
0.5869
0.5766
0.5825
0.5942
0.5827
0.5868
0.5878
0.5866
0.5784
0.5899
0.5766
0.5764
0.5812
0.577
0.579
0.589
0.5805
0.5796
0.5914
0.5857
0.5676
0.5859
0.5831
0.576
0.5771
0.5845
0.5902
0.5863
0.5789
0.5851
0.5942
0.5864
0.5855
0.5854
0.6013
0.5889
0.5729
0.5823
0.5921
0.5888
0.5971
0.5844
0.5838
0.5793
0.5773
0.5753
0.5847
0.5792
0.5838
0.576
0.5835
0.5754
0.5844
0.5943
0.5866
0.5902
0.5985
0.5824
0.5871
0.5851
0.5828
0.5838
0.585
0.5868
0.5811
0.5834
0.5841
0.5767
0.589
0.5956
0.5798
0.5835
0.5993
0.6009
0.5885
0.5819
0.5944
0.5877
0.5829
0.5806
0.5841
0.5774
0.5747
0.5888
0.5834
0.5875
0.5823
0.5841
0.5803
0.58
0.5932
0.5868
0.5912
0.582
0.5805
0.6006
0.5936
0.577
0.5791
0.587
0.586
0.5845
0.5821
0.5865
0.588
0.5933
0.5872
0.5883
0.5873
0.5746
0.592
0.5697
0.584
0.5901
0.5919
0.5818
0.5907
0.5922
0.5875
0.5889
0.5828
0.5804
0.5867
0.5704
0.5877
0.5845
0.5848
0.5834
0.5888
0.5888
0.5919
0.5899
0.5898
0.5798
0.5826
0.5868
0.5841
0.5862
0.5876
0.5873
0.5782
0.5915
0.5774
0.5973
0.5921
0.5865
0.586
0.5829
0.5816
0.5954
0.5882
0.5825
0.5882
0.5851
0.5931
0.566
0.5924
0.5883
0.5742
0.5844
0.5948
0.5862
0.5841
0.5771
0.5813
0.5877
0.586
0.5816
0.586
0.578
0.5813
0.599
0.5762
0.588
0.59
0.5961
0.5932
0.5853
0.5731
0.5893
0.5819
0.5823
0.5814
0.5757
0.5896
0.5856
0.5962
0.5882
0.5825
0.5892
0.5855
0.5815
0.5811
0.5744
0.5733
0.5819
0.5896
0.5838
0.5841
0.5819
0.5799
0.5903
0.5873
0.5815
0.5781
0.5761
0.5804
0.5759
0.5798
0.5928
0.5895
0.6
0.5902
0.5835
0.5837
0.5825
0.5964
0.5953
0.5793
0.5864
0.58
0.5945
0.601
0.581
0.5851
0.5935
0.5816
0.5753
0.583
0.5829
0.5848
0.5955
0.5913
0.5907
0.5948
0.5752
0.5736
0.5912
0.6
0.586
0.5794
0.5702
0.5888
0.5911
0.5878
0.5793
0.5951
0.5747
0.5834
0.5877
0.595
0.5884
0.611
0.5746
0.5938
0.5894
0.5864
0.5913
0.5964
0.5927
0.5866
0.6007
0.5884
0.5932
0.5861
0.5799
0.5896
0.5908
0.5854
0.5908
0.585
0.5766
0.5871
0.5874
0.5845
0.5752
0.5853
0.5792
0.5885
0.5838
0.5795
0.5802
0.5775
0.5949
0.5863
0.5827
0.5828
0.579
0.5899
0.586
0.5893
0.573
0.5719
0.5878
0.5865
0.5872
0.5865
0.5789
0.5895
0.5834
0.5801
0.5892
0.5797
0.5973
0.5737
0.5821
0.5934
0.5947
0.589
0.5913
0.5979
0.5745
0.5812
0.5938
0.585
0.5948
0.588
0.5856
0.5785
0.587
0.5876
0.5908
0.585
0.5774
0.5842
0.5802
0.588
0.582
0.5829
0.6004
0.5884
0.5809
0.5888
0.5923
0.584
0.5871
0.5801
0.5846
0.5899
0.5985
0.5916
0.5822
0.5808
0.588
0.5794
0.5843
0.5884
0.5768
0.5915
0.5948
0.5854
0.5746
0.5853
0.5941
0.5936
0.5897
0.5969
0.5835
0.5822
0.5796
0.5949
0.5728
0.5829
0.5855
0.5966
0.5799
0.5778
0.5862
0.5787
0.586
0.587
0.5879
0.5739
0.5833
0.5923
0.5824
0.5777
0.5869
0.5821
0.5861
0.5866
0.5911
0.5936
0.5975
0.5837
0.5813
0.5794
0.5859
0.591
0.5838
0.5834
0.595
0.5799
0.5835
0.5916
0.5748
0.5808
0.5768
0.5973
0.5809
0.5865
0.5817
0.5876
0.5853
0.5804
0.5794
0.59
0.6006
0.5948
0.5964
0.584
0.5831
0.5953
0.5902
0.5889
0.58
0.5761
0.5997
0.5887
0.5952
0.5904
0.5811
0.5807
0.5786
0.5813
0.579
0.58
0.5934
0.5837
0.5822
0.586
0.5977
0.5786
0.5937
0.5677
0.5774
0.5755
0.5809
0.5898
0.577
0.5914
0.5837
0.6018
0.5899
0.5947
0.5878
0.585
0.5896
0.5862
0.5989
0.5895
0.5836
0.5818
0.5989
0.5806
0.6009
0.5865
0.5925
0.5912
0.5909
0.5989
0.596
0.5736
0.5814
0.5818
0.5801
0.5924
0.5783
0.5901
0.5829
0.595
0.5863
0.5727
0.5932
0.5891
0.582
0.6032
0.5738
0.5831
0.5811
0.5785
0.588
0.5858
0.588
0.5808
0.5883
0.5945
0.5846
0.5929
0.5899
0.5882
0.5897
0.5947
0.5778
0.589
0.577
0.5778
0.5849
0.5816
0.58
0.5818
0.5882
0.5881
0.5807
0.5851
0.5833
0.5891
0.5814
0.5791
0.5853
0.5944
0.5825
0.584
0.587
0.5744
0.5848
0.5824
0.594
0.5856
0.5874
0.5866
0.6008
0.5851
0.5921
0.5812
0.5913
0.5905
0.5911
0.5949
0.5835
0.5784
0.5921
0.5888
0.585
0.587
0.5984
0.5885
0.5758
0.5928
0.5824
0.5828
0.5898
0.5847
0.5845
0.5814
0.5752
0.5875
0.5779
0.5947
0.6105
0.5967
0.5883
0.5774
0.5845
0.582
0.5909
0.598
0.5832
0.5837
0.5915
0.5861
0.5792
0.5813
0.5877
0.5989
0.5932
0.5857
0.5968
0.596
0.5903
0.589
0.5907
0.5871
0.5979
0.579
0.5858
0.5854
0.5872
0.5804
0.5837
0.5907
0.5966
0.5709
0.5783
0.5717
0.5783
0.59
0.5778
0.5853
0.5877
0.5941
0.5848
0.5937
0.5877
0.5748
0.5955
0.585
0.589
0.5885
0.579
0.5939
0.5904
0.5899
0.5844
0.6008
0.5838
0.5801
0.5921
0.5888
0.5802
0.5919
0.5953
0.5906
0.5903
0.5782
0.5907
0.5785
0.6026
0.5966
0.5802
0.5731
0.5808
0.6053
0.5928
0.5832
0.5816
0.596
0.5876
0.5927
0.5879
0.589
0.5898
0.5986
0.581
0.5911
0.5871
0.5883
0.5781
0.5851
0.5916
0.5864
0.591
0.5805
0.6051
0.5786
0.5856
0.5915
0.5934
0.5862
0.5892
0.5831
0.5962
0.5876
0.5901
0.5834
0.5909
0.5812
0.588
0.595
0.5988
0.5969
0.5842
0.5885
0.5791
0.5951
0.5922
0.5837
0.594
0.5877
0.5951
0.5841
0.5866
0.6033
0.5791
0.5882
0.5931
0.5818
0.5819
0.5945
0.5886
0.5968
0.5873
0.592
0.5745
0.5779
0.596
0.5758
0.6031
0.5842
0.579
0.5877
0.5759
0.5866
0.5838
0.5805
0.5855
0.5794
0.6001
0.5933
0.5874
0.5885
0.5882
0.6007
0.6067
0.5795
0.5847
0.6104
0.5806
0.5718
0.591
0.5868
0.5768
0.5883
0.5759
0.581
0.5922
0.592
0.5788
0.5912
0.5895
0.6087
0.601
0.5849
0.5823
0.588
0.601
0.595
0.6009
0.5791
0.5837
0.5971
0.5915
0.5997
0.5956
0.5996
0.5815
0.5975
0.5814
0.597
0.59
0.5851
0.5896
0.5876
0.5919
0.6
0.5886
0.586
0.607
0.5804
0.5834
0.5984
0.6023
0.5925
0.5898
0.5887
0.585
0.5982
0.5875
0.5836
0.5853
0.6099
0.5829
0.5813
0.5986
0.5789
0.5879
0.5872
0.5926
0.5885
0.5917
0.5852
0.5885
0.5924
0.6052
0.582
0.5965
0.5796
0.5822
0.5951
0.5889
0.5958
0.5906
0.5874
0.5903
0.5902
0.5841
0.5826
0.5852
0.5806
0.5966
0.5925
0.5935
0.594
0.5872
0.5913
0.5815
0.5874
0.5882
0.5803
0.5862
0.5948
0.5979
0.5819
0.5796
0.5841
0.5873
0.5858
0.5933
0.589
0.5856
0.5977
0.5968
0.5926
0.5866
0.5863
0.5876
0.5849
0.5948
0.5791
0.599
0.5747
0.585
0.5936
0.5866
0.5905
0.5969
0.5782
0.5937
0.5913
0.6053
0.5874
0.5985
0.5981
0.5819
0.5877
0.5767
0.5864
0.5827
0.5872
0.5896
0.5986
0.5923
0.5801
0.579
0.5859
0.583
0.5984
0.582
0.592
0.5978
0.5877
0.5992
0.5864
0.6029
0.5738
0.5861
0.5822
0.5932
0.5984
0.5707
0.5964
0.5895
0.6066
0.5861
0.5854
0.5875
0.585
0.5859
0.584
0.5901
0.5894
0.5927
0.5777
0.5887
0.6053
0.5918
0.5962
0.5875
0.5987
0.5953
0.5833
0.59
0.581
0.5889
0.5905
0.5886
0.5959
0.5782
0.6002
0.5961
0.578
0.5965
0.5841
0.5737
0.5941
0.5941
0.5866
0.594
0.5832
0.5999
0.5919
0.586
0.587
0.5966
0.595
0.5917
0.5966
0.5969
0.586
0.5907
0.5918
0.5832
0.5948
0.5921
0.5944
0.5942
0.5857
0.5914
0.5908
0.5884
0.5857
0.5839
0.5869
0.5967
0.5864
0.601
0.5936
0.5849
0.5805
0.5888
0.5917
0.5931
0.5973
0.5857
0.5962
0.5884
0.5855
0.5824
0.5865
0.5907
0.5933
0.5878
0.5816
0.5872
0.5911
0.5921
0.5819
0.587
0.5893
0.5923
0.5751
0.5855
0.5961
0.5883
0.5914
0.607
0.5996
0.5908
0.5926
0.5825
0.5813
0.5869
0.5911
0.5906
0.5935
0.5995
0.5925
0.5794
0.5826
0.5986
0.5965
0.589
0.5913
0.5981
0.5805
0.5983
0.5875
0.6
0.5737
0.5849
0.5965
0.5923
0.5953
0.6011
0.5895
0.5936
0.6056
0.5938
0.5968
0.5938
0.5854
0.5778
0.5898
0.5908
0.5846
0.5795
0.5901
0.5868
0.5874
0.6094
0.5985
0.5851
0.5987
0.596
0.59
0.5841
0.5805
0.6168
0.589
0.5855
0.5852
0.5896
0.6024
0.5884
0.5935
0.58
0.585
0.5909
0.5985
0.5849
0.5963
0.5835
0.5932
0.6041
0.5856
0.5915
0.593
0.5794
0.6015
0.589
0.5825
0.6052
0.5967
0.6009
0.5941
0.601
0.6088
0.5988
0.5954
0.5758
0.5746
0.5803
0.6012
0.5939
0.6005
0.5963
0.5945
0.5808
0.5909
0.5916
0.5873
0.5889
0.579
0.5792
0.5938
0.6019
0.6005
0.604
0.5858
0.5869
0.5855
0.5919
0.5889
0.576
0.5964
0.5953
0.5902
0.5893
0.5913
0.6063
0.5933
0.5902
0.5835
0.5884
0.592
0.5902
0.5873
0.5909
0.5872
0.5844
0.6021
0.5851
0.5875
0.5875
0.5874
0.5987
0.5872
0.5931
0.6088
0.5922
0.5929
0.5971
0.5931
0.5987
0.596
0.5964
0.5952
0.5997
0.6004
0.5771
0.6023
0.5946
0.587
0.589
0.592
0.5934
0.5847
0.585
0.5822
0.5949
0.6025
0.5838
0.583
0.5893
0.5908
0.5923
0.5914
0.5914
0.5941
0.5793
0.5888
0.6026
0.6114
0.5934
0.5796
0.5857
0.5967
0.5972
0.5874
0.5923
0.5887
0.5748
0.6001
0.5971
0.5896
0.5922
0.587
0.5987
0.5892
0.589
0.5911
0.5913
0.5897
0.589
0.5886
0.5928
0.5881
0.5836
0.5809
0.5963
0.5933
0.5993
0.5993
0.5935
0.5929
0.6063
0.5827
0.5918
0.5922
0.5864
0.6035
0.5841
0.5968
0.5933
0.5846
0.5926
0.5898
0.5923
0.597
0.5818
0.5997
0.5911
0.5878
0.5998
0.5911
0.5939
0.5864
0.5911
0.5887
0.5918
0.5924
0.5838
0.5882
0.5965
0.5885
0.5881
0.592
0.5849
0.5977
0.5885
0.5834
0.5936
0.5974
0.6027
0.6059
0.5951
0.5946
0.5974
0.5869
0.5975
0.5828
0.5888
0.5905
0.5872
0.5781
0.601
0.597
0.599
0.5996
0.598
0.5893
0.5839
0.6012
0.6042
0.5868
0.6019
0.5872
0.5837
0.582
0.593
0.5931
0.5906
0.5867
0.5815
0.5975
0.5853
0.5853
0.5829
0.5764
0.5973
0.594
0.5922
0.5956
0.5888
0.586
0.5845
0.6057
0.5946
0.6045
0.5972
0.5851
0.5921
0.5889
0.596
0.6042
0.5961
0.585
0.5953
0.59
0.5875
0.5918
0.5922
0.5924
0.5879
0.5996
0.6165
0.5939
0.5973
0.6075
0.5779
0.5824
0.5986
0.6032
0.5882
0.6
0.5898
0.6166
0.5895
0.5995
0.5811
0.5896
0.5999
0.5906
0.5996
0.5994
0.6063
0.5894
0.5991
0.5932
0.6076
0.5847
0.6055
0.5954
0.607
0.5779
0.5811
0.5853
0.5947
0.5882
0.6007
0.5978
0.5716
0.606
0.5946
0.5925
0.5931
0.5868
0.592
0.5908
0.5975
0.5818
0.5885
0.5953
0.601
0.5902
0.5812
0.5922
0.5887
0.5847
0.5873
0.5995
0.5997
0.5921
0.6035
0.5909
0.6117
0.5813
0.6067
0.5898
0.5775
0.5983
0.6049
0.5891
0.596
0.5913
0.5897
0.5879
0.5886
0.604
0.5854
0.5999
0.602
0.5862
0.5737
0.5903
0.5922
0.5856
0.6048
0.6107
0.5871
0.5926
0.5906
0.597
0.5914
0.5774
0.5827
0.592
0.6021
0.6037
0.6006
0.5893
0.596
0.5994
0.6006
0.6036
0.6011
0.5892
0.6054
0.5814
0.6073
0.5974
0.5905
0.5827
0.6056
0.5983
0.5795
0.5904
0.5917
0.581
0.605
0.5941
0.61
0.5941
0.6045
0.5946
0.5922
0.5981
0.5858
0.5829
0.5944
0.5879
0.598
0.6043
0.5921
0.5897
0.599
0.594
0.5844
0.5825
0.5921
0.5788
0.5932
0.5958
0.5775
0.6063
0.5838
0.6164
0.5988
0.5969
0.595
0.5848
0.5849
0.5927
0.5858
0.6098
0.5854
0.5883
0.601
0.5965
0.5919
0.6086
0.6033
0.5926
0.5897
0.5957
0.5816
0.5896
0.5917
0.6053
0.5929
0.5839
0.6037
0.5912
0.6117
0.5987
0.6066
0.5922
0.6093
0.5935
0.5772
0.5908
0.5892
0.6104
0.5803
0.5991
0.5911
0.5947
0.5877
0.5942
0.5885
0.6081
0.6073
0.6044
0.5958
0.6068
0.5821
0.5997
0.5901
0.6062
0.5976
0.5901
0.6057
0.6035
0.5987
0.6048
0.5933
0.6132
0.5912
0.5873
0.6005
0.5955
0.5932
0.6015
0.6041
0.5943
0.5892
0.594
0.5987
0.5987
0.585
0.6029
0.5886
0.5874
0.598
0.5928
0.6085
0.586
0.5886
0.5899
0.6058
0.598
0.5892
0.602
0.607
0.5986
0.594
0.5862
0.5956
0.5893
0.5991
0.5889
0.6053
0.5966
0.5917
0.5924
0.5963
0.6022
0.5812
0.6116
0.5995
0.5879
0.5902
0.607
0.6071
0.5968
0.5902
0.602
0.5999
0.6047
0.5903
0.5888
0.6006
0.5901
0.6048
0.58
0.601
0.6034
0.5869
0.5986
0.5827
0.5829
0.5967
0.6032
0.5937
0.5953
0.5901
0.5888
0.5857
0.5966
0.5953
0.587
0.5797
0.5722
0.598
0.5939
0.605
0.5767
0.6035
0.5926
0.6141
0.5991
0.6058
0.5845
0.5963
0.6002
0.6039
0.5893
0.5864
0.5938
0.589
0.5836
0.5883
0.6056
0.6032
0.5926
0.5952
0.6008
0.6041
0.5948
0.5917
0.5905
0.5968
0.6053
0.5844
0.5854
0.5816
0.603
0.6016
0.6058
0.5921
0.6025
0.5934
0.6033
0.5894
0.5883
0.5995
0.5982
0.5954
0.5898
0.6017
0.591
0.6009
0.5879
0.6037
0.5963
0.6007
0.5874
0.5904
0.6117
0.6057
0.6103
0.5956
0.6065
0.5939
0.6048
0.5887
0.6025
0.5811
0.5859
0.5931
0.5966
0.5891
0.5854
0.595
0.6018
0.5876
0.605
0.5881
0.5979
0.5993
0.5968
0.6025
0.5948
0.5941
0.5943
0.5932
0.5853
0.5982
0.5857
0.6053
0.5974
0.6013
0.5963
0.5974
0.5889
0.6009
0.5874
0.5976
0.6014
0.5936
0.5939
0.5973
0.5858
0.6137
0.5835
0.5909
0.6044
0.6111
0.601
0.5972
0.5932
0.606
0.597
0.5928
0.6081
0.5846
0.5908
0.6032
0.6112
0.6019
0.5937
0.603
0.5924
0.598
0.5889
0.6087
0.5949
0.5964
0.5856
0.6019
0.5905
0.6024
0.6023
0.5939
0.5991
0.5895
0.6093
0.5799
0.5942
0.595
0.5819
0.5944
0.5896
0.5998
0.6102
0.6019
0.5936
0.5838
0.5932
0.6051
0.6043
0.5825
0.6023
0.5962
0.6017
0.5939
0.5993
0.5978
0.5941
0.6034
0.5943
0.5928
0.5995
0.597
0.5888
0.6075
0.603
0.6157
0.5958
0.5859
0.603
0.601
0.5873
0.5959
0.6135
0.5958
0.6034
0.5825
0.5839
0.6014
0.5815
0.6015
0.6107
0.5962
0.5925
0.6008
0.5979
0.5909
0.5893
0.5982
0.5864
0.5897
0.5861
0.5983
0.576
0.6004
0.599
0.5955
0.5986
0.5887
0.5851
0.6074
0.5886
0.6061
0.6001
0.592
0.6083
0.5955
0.6105
0.589
0.5941
0.6042
0.622
0.5862
0.5936
0.5907
0.5983
0.6029
0.5992
0.5867
0.5868
0.594
0.5949
0.5854
0.5977
0.6037
0.5926
0.5908
0.5966
0.6045
0.6052
0.6045
0.6042
0.5924
0.6019
0.6023
0.588
0.6019
0.5922
0.6054
0.6116
0.5965
0.6026
0.597
0.5804
0.5847
0.6067
0.5944
0.5931
0.5886
0.6
0.5991
0.5916
0.6086
0.5982
0.5977
0.5945
0.6084
0.6086
0.5972
0.5828
0.6116
0.5955
0.6083
0.597
0.6137
0.589
0.6073
0.5953
0.5934
0.606
0.6041
0.5964
0.5988
0.5996
0.5944
0.599
0.6087
0.5946
0.59
0.5996
0.594
0.5982
0.6053
0.6041
0.6049
0.5939
0.6016
0.5947
0.6034
0.5811
0.6013
0.5935
0.5917
0.5976
0.5993
0.5973
0.5925
0.5892
0.596
0.6079
0.6008
0.6101
0.606
0.6066
0.602
0.6035
0.6063
0.6049
0.6023
0.5902
0.5914
0.5912
0.623
0.603
0.6029
0.604
0.6002
0.6143
0.596
0.5984
0.6012
0.5913
0.5879
0.5941
0.6002
0.5863
0.5975
0.5916
0.5964
0.5995
0.5882
0.6078
0.6015
0.5915
0.5952
0.5928
0.5996
0.5917
0.6033
0.6001
0.5943
0.6059
0.5909
0.6088
0.6048
0.5932
0.5993
0.5893
0.5953
0.5996
0.6055
0.5925
0.5786
0.5902
0.6044
0.6009
0.5991
0.6019
0.6016
0.5992
0.601
0.5949
0.5862
0.6056
0.5879
0.6163
0.6027
0.6062
0.6004
0.5936
0.602
0.6189
0.5948
0.6064
0.5995
0.596
0.6037
0.6043
0.5964
0.6141
0.5797
0.5951
0.5927
0.5805
0.5894
0.6055
0.5846
0.5908
0.5952
0.596
0.5864
0.5931
0.597
0.6002
0.6024
0.5953
0.5923
0.5817
0.6044
0.5946
0.5978
0.5923
0.5906
0.5871
0.6113
0.6015
0.6013
0.623
0.6004
0.6014
0.5974
0.6052
0.5905
0.6007
0.6115
0.5867
0.6033
0.593
0.5947
0.5872
0.6135
0.6145
0.5866
0.6068
0.5905
0.5931
0.5966
0.5976
0.6088
0.5972
0.6016
0.6051
0.6116
0.5954
0.5972
0.6015
0.5931
0.5855
0.5933
0.5986
0.6178
0.6087
0.5903
0.6137
0.601
0.6045
0.6197
0.6035
0.6041
0.6088
0.6002
0.5929
0.607
0.5977
0.6094
0.5968
0.5924
0.5957
0.592
0.607
0.6137
0.6013
0.5764
0.5943
0.6076
0.6087
0.5962
0.6043
0.5902
0.595
0.5761
0.5952
0.5942
0.6053
0.6042
0.5795
0.5882
0.5929
0.5958
0.5972
0.5976
0.6022
0.6005
0.5872
0.6074
0.6084
0.6009
0.6004
0.6122
0.6009
0.603
0.6044
0.5996
0.5967
0.6072
0.6043
0.6002
0.599
0.6024
0.5977
0.6002
0.5883
0.6103
0.6174
0.6048
0.6057
0.6029
0.595
0.6099
0.5969
0.6076
0.6181
0.6071
0.618
0.5914
0.5949
0.601
0.6044
0.5991
0.5969
0.6081
0.6202
0.5963
0.5953
0.6049
0.6062
0.6044
0.6169
0.611
0.6142
0.6056
0.6002
0.5984
0.5874
0.5948
0.6102
0.5984
0.6012
0.6081
0.6011
0.602
0.6132
0.5905
0.5962
0.5921
0.578
0.5931
0.6102
0.6058
0.5991
0.6069
0.6161
0.5939
0.6049
0.6242
0.603
0.6021
0.6172
0.6157
0.6095
0.5995
0.6069
0.6126
0.5965
0.5922
0.5913
0.6121
0.592
0.6023
0.5929
0.5921
0.5903
0.6
0.6028
0.6143
0.6132
0.6051
0.5843
0.5984
0.5939
0.5943
0.6049
0.5954
0.5913
0.5953
0.5919
0.5988
0.601
0.6165
0.6142
0.6
0.5974
0.604
0.6235
0.6071
0.5955
0.611
0.5908
0.6152
0.599
0.6063
0.5934
0.6099
0.5988
0.6065
0.6139
0.5986
0.6068
0.5899
0.6117
0.5964
0.6042
0.6079
0.6054
0.5887
0.5957
0.6014
0.606
0.596
0.6113
0.5975
0.5972
0.5971
0.6129
0.602
0.6069
0.6093
0.5931
0.6014
0.6005
0.5983
0.604
0.5968
0.6117
0.6022
0.6075
0.5958
0.5912
0.603
0.6078
0.6044
0.5962
0.5886
0.6022
0.5824
0.5998
0.605
0.6142
0.599
0.6048
0.61
0.6005
0.5825
0.611
0.6022
0.6033
0.5926
0.6114
0.6061
0.5854
0.5876
0.5901
0.5993
0.6044
0.6041
0.5965
0.6108
0.6023
0.6206
0.5988
0.604
0.6091
0.6097
0.5998
0.585
0.6026
0.5958
0.5933
0.6071
0.6126
0.5986
0.6034
0.5781
0.6021
0.5975
0.5981
0.614
0.5859
0.6116
0.6154
0.6107
0.5998
0.5914
0.617
0.5953
0.5981
0.596
0.5974
0.5964
0.6087
0.6071
0.596
0.6144
0.5899
0.594
0.6102
0.5961
0.5895
0.5982
0.5977
0.5936
0.5886
0.5969
0.6081
0.6055
0.6085
0.5968
0.6069
0.6112
0.605
0.5932
0.6138
0.6092
0.6178
0.6029
0.6316
0.5888
0.5995
0.5967
0.5976
0.6154
0.6037
0.5998
0.6125
0.6059
0.5889
0.611
0.6001
0.5955
0.5996
0.608
0.5976
0.6079
0.5879
0.6034
0.6161
0.6023
0.6075
0.6079
0.6113
0.5956
0.5849
0.6076
0.6043
0.6074
0.5903
0.6119
0.6097
0.6095
0.6059
0.6124
0.6029
0.6098
0.5991
0.5949
0.6026
0.5973
0.5919
0.6068
0.6123
0.5978
0.6067
0.6235
0.589
0.5931
0.6057
0.6032
0.6067
0.603
0.584
0.5986
0.5995
0.5993
0.5893
0.5997
0.6267
0.6078
0.6178
0.5923
0.6148
0.5959
0.6135
0.5922
0.6107
0.5958
0.5985
0.5833
0.5992
0.6192
0.598
0.6091
0.6081
0.5959
0.5895
0.5952
0.6106
0.5976
0.6012
0.614
0.6027
0.595
0.5892
0.6011
0.5961
0.6211
0.5826
0.6024
0.6105
0.6115
0.6151
0.6049
0.5975
0.6144
0.5974
0.611
0.6133
0.6033
0.6252
0.6178
0.5963
0.5978
0.594
0.604
0.5971
0.6032
0.6008
0.5797
0.5935
0.6094
0.6074
0.6035
0.5971
0.596
0.6018
0.6114
0.606
0.6071
0.582
0.6038
0.599
0.6122
0.6169
0.5959
0.5987
0.6052
0.5931
0.5933
0.5985
0.607
0.6101
0.5804
0.592
0.6001
0.5972
0.6031
0.6035
0.6044
0.626
0.6054
0.6096
0.6041
0.6009
0.5944
0.5999
0.6064
0.6044
0.5983
0.6085
0.6097
0.6169
0.6037
0.6066
0.5998
0.6179
0.6066
0.6132
0.5992
0.6105
0.6145
0.6115
0.6154
0.597
0.6049
0.6072
0.599
0.6119
0.6166
0.6016
0.6049
0.5993
0.6271
0.5911
0.6103
0.6028
0.5998
0.6147
0.6065
0.6072
0.6006
0.6118
0.6042
0.6052
0.6115
0.607
0.6118
0.6147
0.6064
0.6018
0.6025
0.5967
0.5981
0.6122
0.6193
0.6171
0.6146
0.6058
0.6127
0.6084
0.6045
0.6148
0.6163
0.5967
0.6046
0.6007
0.6183
0.5998
0.5912
0.6033
0.5973
0.5974
0.6019
0.6102
0.5926
0.5932
0.6231
0.6126
0.599
0.6045
0.6038
0.5917
0.5985
0.6038
0.601
0.5934
0.6109
0.6071
0.5985
0.6042
0.5847
0.5991
0.593
0.5898
0.6119
0.6167
0.6106
0.6097
0.5994
0.6048
0.6174
0.6088
0.6115
0.5884
0.5985
0.6122
0.5929
0.6024
0.6143
0.6174
0.6048
0.6213
0.5977
0.6144
0.6097
0.5961
0.6019
0.5999
0.611
0.6067
0.5992
0.6018
0.603
0.5954
0.6177
0.6046
0.6012
0.5913
0.6024
0.5963
0.5887
0.6061
0.6043
0.6035
0.6064
0.597
0.6076
0.6114
0.6152
0.6013
0.6159
0.6206
0.6
0.5956
0.6045
0.6061
0.613
0.5983
0.6097
0.6118
0.6037
0.6044
0.6
0.596
0.6179
0.6006
0.5945
0.5975
0.6092
0.5898
0.5904
0.6074
0.6027
0.5967
0.5856
0.6323
0.5933
0.6159
0.6012
0.6093
0.605
0.6006
0.599
0.6144
0.6222
0.6081
0.6007
0.6075
0.6063
0.6182
0.6143
0.5955
0.6081
0.6011
0.5988
0.5899
0.6045
0.612
0.6204
0.5985
0.6059
0.6178
0.6069
0.6003
0.5935
0.6061
0.5857
0.6247
0.61
0.5965
0.6167
0.6058
0.6014
0.6036
0.6114
0.5938
0.6038
0.6141
0.5986
0.6043
0.6129
0.6029
0.6098
0.6041
0.6062
0.6057
0.6119
0.5981
0.6054
0.5975
0.5975
0.6244
0.5857
0.6275
0.6069
0.5936
0.598
0.6258
0.611
0.6034
0.6153
0.6122
0.6152
0.6128
0.5963
0.5983
0.5993
0.5901
0.6178
0.5874
0.6082
0.5995
0.6035
0.6033
0.6204
0.5992
0.6115
0.61
0.6069
0.5971
0.596
0.6215
0.6143
0.5942
0.6044
0.603
0.61
0.5976
0.6099
0.5988
0.6065
0.596
0.5954
0.5986
0.6043
0.5871
0.5972
0.6197
0.6057
0.6105
0.6169
0.597
0.6055
0.6173
0.6108
0.6101
0.601
0.6167
0.6005
0.6199
0.6105
0.6221
0.6142
0.5874
0.6079
0.6052
0.6185
0.6128
0.6033
0.5963
0.5979
0.6178
0.6107
0.6073
0.6254
0.6041
0.6123
0.6057
0.6055
0.597
0.622
0.6113
0.6061
0.6168
0.6019
0.6061
0.6054
0.6251
0.6099
0.6065
0.611
0.6047
0.6138
0.6224
0.61
0.6093
0.6124
0.6227
0.6017
0.6129
0.6018
0.608
0.597
0.6042
0.5925
0.6181
0.6109
0.5976
0.6062
0.6141
0.6194
0.6136
0.62
0.5939
0.6154
0.6146
0.5887
0.6018
0.6163
0.6083
0.5995
0.6157
0.5945
0.6147
0.6024
0.6088
0.6144
0.6061
0.6206
0.6079
0.6083
0.6209
0.6223
0.6113
0.5971
0.6036
0.6048
0.6127
0.6162
0.5943
0.6071
0.6066
0.6139
0.6177
0.6103
0.6054
0.6025
0.6086
0.6178
0.603
0.6392
0.6131
0.5988
0.6214
0.6025
0.6224
0.6115
0.6055
0.6072
0.5966
0.5999
0.6037
0.6118
0.6081
0.5984
0.6186
0.6178
0.5921
0.6042
0.6203
0.6169
0.6046
0.6063
0.6135
0.6162
0.5945
0.6166
0.6143
0.6117
0.6036
0.5964
0.608
0.6085
0.6061
0.6111
0.6156
0.6238
0.6108
0.6035
0.6156
0.6082
0.6309
0.6127
0.6015
0.5899
0.6154
0.6131
0.6394
0.5999
0.6034
0.6038
0.5921
0.6114
0.5991
0.6045
0.5976
0.617
0.6133
0.6188
0.6059
0.6048
0.6155
0.5989
0.6057
0.5869
0.6232
0.6186
0.606
0.6169
0.618
0.623
0.6176
0.6
0.6147
0.6068
0.6012
0.6096
0.6102
0.6201
0.6057
0.6119
0.606
0.6058
0.6104
0.6047
0.6208
0.6121
0.5951
0.6083
0.6001
0.5994
0.625
0.6142
0.6158
0.6035
0.6051
0.6006
0.6133
0.6252
0.6167
0.6231
0.6228
0.6011
0.6077
0.6203
0.6187
0.6159
0.6107
0.6217
0.6104
0.607
0.6028
0.6195
0.6043
0.6138
0.6
0.6076
0.6051
0.6206
0.6185
0.6115
0.6159
0.6079
0.6177
0.608
0.606
0.6098
0.6374
0.6153
0.6035
0.6083
0.6024
0.6118
0.5927
0.6117
0.6228
0.6192
0.6035
0.6047
0.5956
0.5971
0.6117
0.6105
0.627
0.6026
0.6051
0.6034
0.5987
0.6064
0.5935
0.6072
0.6046
0.6182
0.6061
0.6037
0.5972
0.6041
0.5937
0.6062
0.6125
0.6329
0.6185
0.6255
0.6147
0.6122
0.6282
0.6105
0.6254
0.6134
0.6136
0.6216
0.6152
0.6139
0.6103
0.6267
0.6094
0.6029
0.6191
0.5974
0.6205
0.5948
0.604
0.6135
0.6167
0.6164
0.6251
0.6172
0.5917
0.6132
0.615
0.6278
0.6086
0.5912
0.5909
0.5982
0.6177
0.6233
0.6023
0.5996
0.5934
0.6038
0.5961
0.6116
0.6067
0.619
0.6112
0.6036
0.6141
0.6141
0.6197
0.6269
0.6241
0.6249
0.6077
0.616
0.6201
0.6146
0.6134
0.6033
0.6105
0.6081
0.6217
0.619
0.6134
0.6289
0.6115
0.6057
0.5874
0.6217
0.5951
0.6146
0.6191
0.6091
0.6068
0.6106
0.6242
0.5882
0.6043
0.6354
0.6174
0.6086
0.6003
0.6149
0.6105
0.5996
0.6166
0.5989
0.6131
0.6104
0.6187
0.6133
0.633
0.6119
0.6237
0.5957
0.626
0.6176
0.5991
0.615
0.611
0.6307
0.5971
0.6038
0.619
0.6142
0.6023
0.6135
0.6161
0.5974
0.6009
0.6227
0.609
0.61
0.5961
0.6094
0.607
0.6098
0.6099
0.6135
0.6115
0.6116
0.6113
0.6188
0.6067
0.5914
0.6159
0.6205
0.6342
0.6214
0.5902
0.6046
0.6318
0.617
0.6119
0.5932
0.5813
0.6159
0.6233
0.6106
0.6125
0.606
0.6142
0.6084
0.5968
0.6116
0.6181
0.6123
0.6137
0.6062
0.621
0.5973
0.6267
0.6326
0.6078
0.6204
0.6044
0.6265
0.6056
0.614
0.6025
0.6215
0.6024
0.6086
0.6252
0.5947
0.6299
0.6028
0.6022
0.6059
0.6172
0.6085
0.6027
0.6014
0.5907
0.6085
0.6131
0.609
0.6212
0.5929
0.6014
0.6164
0.6133
0.6096
0.6216
0.6121
0.6064
0.6178
0.6009
0.6134
0.6491
0.6063
0.5993
0.6164
0.6209
0.5997
0.6229
0.5997
0.6086
0.6181
0.6054
0.5885
0.6048
0.615
0.6074
0.6286
0.6134
0.6067
0.6144
0.5998
0.616
0.6206
0.6042
0.626
0.6169
0.6186
0.6036
0.6293
0.6017
0.6048
0.609
0.6279
0.5994
0.615
0.6162
0.6191
0.6245
0.6188
0.6238
0.6228
0.603
0.634
0.6214
0.6233
0.6198
0.6283
0.6228
0.6083
0.5999
0.607
0.616
0.6091
0.6242
0.604
0.6057
0.617
0.5933
0.6089
0.605
0.6014
0.6205
0.6002
0.6038
0.6083
0.6053
0.6186
0.6085
0.6181
0.5941
0.6287
0.6211
0.6185
0.607
0.6056
0.6246
0.6164
0.6158
0.6008
0.6154
0.6297
0.615
0.6082
0.6207
0.6208
0.6034
0.6134
0.609
0.5942
0.6129
0.6028
0.6291
0.6159
0.6185
0.6107
0.6051
0.6341
0.6025
0.5987
0.6143
0.6049
0.6158
0.6103
0.6262
0.6071
0.6076
0.6234
0.6008
0.6184
0.6156
0.6171
0.6204
0.6145
0.6149
0.6305
0.6173
0.5797
0.6063
0.6238
0.61
0.6164
0.6145
0.6025
0.6438
0.6065
0.628
0.6248
0.6299
0.6096
0.6249
0.6007
0.6168
0.6185
0.6222
0.6153
0.6134
0.6206
0.6114
0.604
0.6133
0.6061
0.6171
0.6159
0.6175
0.6123
0.6079
0.6329
0.6021
0.6174
0.6174
0.5932
0.623
0.6099
0.6062
0.6264
0.611
0.618
0.6176
0.6204
0.6124
0.6061
0.6044
0.6195
0.5984
0.6027
0.6093
0.6151
0.6185
0.6075
0.629
0.6235
0.6151
0.6035
0.6086
0.6178
0.6057
0.6178
0.6238
0.6152
0.6307
0.6293
0.6088
0.6135
0.598
0.6046
0.6225
0.6107
0.6265
0.6091
0.6231
0.614
0.6076
0.6149
0.6213
0.61
0.6398
0.6048
0.6421
0.6123
0.6106
0.6087
0.6049
0.6104
0.6076
0.6196
0.6139
0.6224
0.6103
0.6292
0.6246
0.6143
0.5958
0.6231
0.6298
0.6257
0.5996
0.619
0.6289
0.6145
0.6038
0.6385
0.6182
0.6226
0.6136
0.6122
0.6022
0.6419
0.5981
0.6361
0.6198
0.6331
0.6249
0.618
0.6118
0.6202
0.6161
0.6005
0.6187
0.5968
0.6056
0.621
0.6009
0.6052
0.6455
0.6087
0.5925
0.6319
0.6101
0.6115
0.6048
0.6338
0.6108
0.624
0.6123
0.6027
0.5991
0.6082
0.6141
0.6149
0.6321
0.6065
0.6225
0.6336
0.6157
0.6269
0.6013
0.6082
0.6288
0.5986
0.6375
0.6156
0.6064
0.601
0.6306
0.615
0.6178
0.615
0.6172
0.613
0.6069
0.6219
0.6242
0.6012
0.6087
0.6223
0.6128
0.6203
0.6204
0.6104
0.6069
0.6213
0.639
0.6158
0.5959
0.6123
0.6186
0.6219
0.601
0.6202
0.6218
0.6174
0.622
0.6024
0.6352
0.622
0.6165
0.5943
0.6096
0.6244
0.6265
0.6376
0.6288
0.5952
0.6208
0.6073
0.6174
0.6192
0.6087
0.6234
0.6197
0.6019
0.6068
0.6103
0.6012
0.6201
0.6062
0.6177
0.6282
0.6115
0.624
0.6262
0.6202
0.6195
0.6216
0.6231
0.6193
0.6036
0.6121
0.6246
0.6276
0.6034
0.6148
0.6154
0.609
0.6237
0.6253
0.6235
0.6216
0.644
0.6039
0.6023
0.6205
0.6252
0.6075
0.6257
0.6229
0.602
0.6205
0.6106
0.6186
0.6008
0.6024
0.6127
0.6386
0.6449
0.6176
0.6205
0.6153
0.6159
0.6261
0.606
0.6413
0.6532
0.6102
0.6052
0.6142
0.6237
0.6127
0.6176
0.6081
0.619
0.6234
0.6219
0.6277
0.6209
0.6238
0.5987
0.6072
0.6273
0.6085
0.6178
0.6101
0.6127
0.6335
0.6259
0.6079
0.6274
0.6014
0.643
0.6218
0.6149
0.6161
0.6162
0.6241
0.6273
0.6283
0.6292
0.6139
0.6185
0.6064
0.6086
0.635
0.627
0.6062
0.6208
0.6195
0.6148
0.6169
0.5995
0.6087
0.6234
0.611
0.6135
0.6034
0.6136
0.6259
0.5988
0.6267
0.6289
0.6014
0.6164
0.616
0.6232
0.645
0.6298
0.622
0.5977
0.6047
0.6035
0.6244
0.616
0.6102
0.6255
0.6174
0.6149
0.604
0.6183
0.612
0.609
0.6291
0.6155
0.6149
0.6365
0.6276
0.6097
0.6249
0.6071
0.6084
0.6156
0.6283
0.6146
0.6116
0.6241
0.6268
0.5961
0.611
0.6299
0.6187
0.6305
0.6028
0.6105
0.6074
0.6266
0.6166
0.6242
0.6255
0.6108
0.6233
0.6308
0.6089
0.619
0.5973
0.6134
0.6204
0.618
0.6308
0.6137
0.6405
0.6352
0.6077
0.6129
0.6353
0.6144
0.6198
0.6312
0.617
0.6205
0.6003
0.6267
0.6219
0.6326
0.6169
0.6344
0.6308
0.6216
0.6123
0.6032
0.6158
0.6258
0.6217
0.629
0.6263
0.6403
0.6163
0.6287
0.624
0.614
0.6086
0.6328
0.6148
0.6137
0.6095
0.6258
0.6178
0.6293
0.6111
0.6019
0.6368
0.6222
0.6178
0.6359
0.6072
0.6215
0.6246
0.631
0.6226
0.6214
0.6383
0.6491
0.6068
0.6232
0.6331
0.6091
0.6243
0.6128
0.6053
0.6217
0.6186
0.6098
0.6292
0.6257
0.6201
0.6358
0.6225
0.6171
0.6049
0.6247
0.6295
0.6164
0.6239
0.64
0.6252
0.6327
0.6384
0.6319
0.6384
0.6286
0.6008
0.6099
0.619
0.6174
0.6247
0.64
0.6158
0.6122
0.61
0.6043
0.6141
0.6161
0.6099
0.631
0.6393
0.6108
0.6314
0.6176
0.6297
0.6331
0.6294
0.6174
0.6347
0.6111
0.6152
0.6247
0.6083
0.6134
0.6271
0.6097
0.6222
0.6218
0.6099
0.6117
0.6321
0.6194
0.6223
0.6172
0.6254
0.6265
0.6177
0.6233
0.6236
0.6341
0.6225
0.6268
0.6182
0.6308
0.6039
0.6363
0.6207
0.6258
0.6119
0.6076
0.6146
0.6144
0.6395
0.6152
0.6247
0.6166
0.6261
0.6309
0.6247
0.622
0.6073
0.6084
0.6285
0.6321
0.626
0.6231
0.6197
0.6264
0.6208
0.6172
0.6325
0.6065
0.6223
0.6045
0.6464
0.629
0.632
0.6471
0.6126
0.6196
0.6425
0.6312
0.6075
0.6265
0.6358
0.6257
0.6028
0.6202
0.6405
0.6169
0.6165
0.628
0.6135
0.6191
0.6118
0.6218
0.636
0.6256
0.6136
0.6223
0.6147
0.639
0.6096
0.6119
0.6212
0.6263
0.598
0.6032
0.63
0.6032
0.639
0.6157
0.6168
0.6232
0.6275
0.614
0.638
0.6187
0.6191
0.6276
0.6262
0.6214
0.6303
0.62
0.6236
0.6131
0.6304
0.6137
0.6089
0.614
0.5924
0.6172
0.633
0.6172
0.6391
0.6267
0.6013
0.6235
0.6073
0.6438
0.606
0.6319
0.619
0.6367
0.6257
0.6111
0.5999
0.62
0.605
0.6215
0.6159
0.6382
0.6114
0.6183
0.633
0.6324
0.6175
0.6289
0.6438
0.6291
0.6208
0.6367
0.6263
0.6357
0.6143
0.6148
0.6128
0.6145
0.6159
0.633
0.628
0.6408
0.6174
0.6233
0.6333
0.6145
0.6152
0.6108
0.6124
0.6377
0.6172
0.6227
0.6279
0.6355
0.623
0.621
0.6351
0.6161
0.6207
0.624
0.614
0.6162
0.6264
0.6349
0.6083
0.6228
0.6282
0.6308
0.6066
0.6207
0.6145
0.6048
0.6372
0.6139
0.6408
0.628
0.6232
0.6358
0.6112
0.6309
0.6186
0.6404
0.6317
0.6479
0.6145
0.652
0.6269
0.6223
0.6127
0.6041
0.6086
0.6137
0.6183
0.626
0.6242
0.6152
0.631
0.6525
0.6369
0.6284
0.6349
0.6222
0.6135
0.6248
0.6412
0.6568
0.6165
0.6173
0.6157
0.6154
0.6077
0.6421
0.6168
0.6212
0.638
0.6227
0.6321
0.6122
0.6458
0.6035
0.6156
0.6284
0.621
0.6319
0.6233
0.6402
0.6383
0.6056
0.6139
0.6132
0.618
0.6288
0.6221
0.6241
0.621
0.5998
0.6279
0.615
0.6102
0.6276
0.6038
0.6128
0.6247
0.6245
0.6306
0.6249
0.6165
0.6282
0.6484
0.6447
0.6188
0.6275
0.6081
0.6182
0.6283
0.6277
0.6242
0.6317
0.6254
0.6293
0.6205
0.624
0.6165
0.6413
0.6258
0.6173
0.633
0.6427
0.6138
0.6238
0.6425
0.6306
0.6087
0.6234
0.6221
0.6165
0.6292
0.6375
0.6245
0.6406
0.6395
0.6498
0.6231
0.6323
0.6354
0.6208
0.6213
0.6146
0.6298
0.6091
0.6284
0.6049
0.6249
0.6222
0.6286
0.6341
0.6154
0.6185
0.6092
0.6147
0.6314
0.641
0.6193
0.6468
0.6048
0.6264
0.6281
0.639
0.6346
0.6193
0.6481
0.6301
0.6162
0.6282
0.6328
0.6209
0.6191
0.6187
0.6317
0.6251
0.6252
0.6459
0.622
0.6281
0.6214
0.6255
0.6414
0.6295
0.6357
0.6385
0.6337
0.6271
0.6268
0.6117
0.6099
0.6449
0.6288
0.608
0.6027
0.6188
0.6403
0.6247
0.6492
0.6342
0.6232
0.6248
0.6298
0.6337
0.637
0.6191
0.6051
0.6093
0.6137
0.5973
0.6172
0.6239
0.609
0.6244
0.6329
0.6264
0.6085
0.6222
0.6349
0.6076
0.6299
0.6171
0.6316
0.6173
0.6186
0.6179
0.6329
0.6522
0.6071
0.6382
0.6193
0.6373
0.6184
0.6269
0.6314
0.6316
0.6312
0.6358
0.6413
0.6205
0.6256
0.6051
0.6103
0.6218
0.6261
0.6249
0.6309
0.6386
0.6257
0.638
0.6299
0.6351
0.6191
0.6166
0.6262
0.666
0.6145
0.6401
0.63
0.6189
0.6109
0.6392
0.6406
0.6175
0.6244
0.6383
0.6387
0.6266
0.6223
0.6413
0.6447
0.6211
0.6235
0.6226
0.6207
0.6205
0.6443
0.6214
0.6281
0.6461
0.6317
0.6177
0.6215
0.6352
0.6278
0.6124
0.6646
0.6138
0.616
0.6248
0.6133
