0.7927857845569891
0.8605431457917103
0.898468140566349
0.9214629932786174
0.9384951447785687
0.9510685789769913
0.9606812000237126
0.9671325668656998
0.9736185776138966
0.9790098571088404
0.983023467920965
0.9864715026019635
0.9892378040641073
0.991847038618058
0.994316412374836
0.9965799850586384
0.998404515205755
1.0000295770311667
1.0014556136861574
1.0027137987033348
1.0042274584818887
1.0052777501336303
1.0066884591918412
1.0074714336911526
1.0083410920367784
1.0092682603206773
1.0098788114370643
1.0107937798696516
1.0113265656080748
1.0120406124594035
1.0123278318505367
1.0131535773190588
1.0136570520817414
1.0141767009027185
1.0144763434431425
1.0150785135352307
1.0155351505787007
1.0155953042933301
