0.40576428139562476
0.5113752178477065
0.5868125204345543
0.6403105103438765
0.6845359426623918
0.7201326960739456
0.7492162688910435
0.7697346212092986
0.7912348414595016
0.8097989852828267
0.824069903783222
0.836636302201996
0.8469263153648727
0.8568101342893396
0.8663349252603597
0.8752107833817157
0.8824699608332487
0.8890129883158574
0.8948175020399087
0.8999868696314677
0.9062711876258861
0.9106702961499149
0.9166362801094566
0.919970680256365
0.9236990541407533
0.927703182369437
0.9303507400959685
0.9343443101647655
0.9366803319205147
0.9398271773779753
0.9410983084766285
0.9447670731828717
0.947014719387119
0.9493448033278963
0.9506918431463225
0.9534075275315834
0.955476588588583
0.9557488856808659
