0.9526
0.9498
0.9534
0.955
0.9534
0.953
0.9506
0.9545
0.9482
0.9525
0.9534
0.9495
0.9529
0.9517
0.9506
0.9489
0.9505
0.9534
0.9539
0.9519
0.952
0.9515
0.9499
0.9489
0.9491
0.9541
0.9569
0.9542
0.9505
0.9514
0.9508
0.953
0.9508
0.9533
0.9492
0.9542
0.9528
0.9543
0.9498
0.9544
0.9539
0.9544
0.9498
0.954
0.9526
0.9511
0.9548
0.9547
0.9535
0.9511
0.9524
0.9484
0.9503
0.9507
0.949
0.9562
0.952
0.9529
0.9499
0.9518
0.9494
0.953
0.9521
0.953
0.9515
0.9531
0.9554
0.9531
0.9505
0.9528
0.9553
0.9493
0.9534
0.9502
0.953
0.9503
0.9551
0.953
0.9495
0.9488
0.949
0.954
0.9546
0.9531
0.9516
0.9507
0.9496
0.9489
0.9536
0.9493
0.9563
0.9533
0.9547
0.9533
0.9523
0.9524
0.9504
0.9491
0.9547
0.9503
0.9507
0.955
0.954
0.9488
0.9506
0.9506
0.9544
0.951
0.9496
0.9531
0.9552
0.9477
0.9544
0.9544
0.9564
0.9518
0.9518
0.9501
0.9554
0.9484
0.9521
0.9496
0.9552
0.9531
0.9561
0.9549
0.9529
0.9511
0.9544
0.9544
0.9512
0.9523
0.9573
0.951
0.9494
0.9497
0.948
0.9558
0.9494
0.9483
0.9478
0.9567
0.951
0.9487
0.9518
0.9509
0.9513
0.9539
0.9517
0.9518
0.9503
0.9531
0.9538
0.9517
0.9522
0.9533
0.9533
0.951
0.9501
0.9526
0.9498
0.9532
0.9498
0.9557
0.9511
0.9567
0.9566
0.9525
0.9549
0.9509
0.9528
0.9453
0.954
0.9571
0.9498
0.9537
0.9528
0.9467
0.9496
0.9544
0.9553
0.9522
0.9515
0.9528
0.955
0.9564
0.9491
0.9509
0.9522
0.95
0.9495
0.9527
0.953
0.9515
0.9533
0.9545
0.952
0.9521
0.9535
0.9522
0.9521
0.9568
0.9521
0.9552
0.9505
0.952
0.9508
0.9501
0.9544
0.9462
0.9543
0.9509
0.952
0.9489
0.9551
0.9506
0.9483
0.9519
0.953
0.9492
0.9533
0.9531
0.9512
0.9556
0.954
0.953
0.953
0.9486
0.9505
0.9504
0.9502
0.9539
0.9494
0.9506
0.954
0.9515
0.9524
0.9534
0.9521
0.9518
0.9513
0.9523
0.9526
0.95
0.9566
0.9543
0.95
0.9509
0.9505
0.9552
0.9542
0.9513
0.9511
0.9497
0.9545
0.9518
0.9532
0.9511
0.9566
0.9554
0.9508
0.9487
0.9529
0.9512
0.9531
0.9533
0.9471
0.9562
0.9512
0.9518
0.9523
0.9532
0.9508
0.9525
0.9534
0.949
0.9525
0.9526
0.9512
0.9501
0.9472
0.9528
0.9514
0.9475
0.9519
0.9544
0.951
0.9586
0.9489
0.9511
0.9547
0.9505
0.9516
0.9528
0.9526
0.9489
0.9559
0.9491
0.951
0.9503
0.9528
0.9506
0.9508
0.9493
0.9526
0.9553
0.9488
0.9528
0.9492
0.9562
0.9524
0.9547
0.9538
0.9504
0.9545
0.9548
0.9568
0.9562
0.953
0.9497
0.9516
0.9536
0.9549
0.9535
0.9506
0.9522
0.9526
0.9492
0.9548
0.9577
0.9525
0.9527
0.9526
0.9511
0.952
0.9473
0.9525
0.9492
0.9562
0.9543
0.953
0.9531
0.951
0.9527
0.9517
0.9542
0.9551
0.9546
0.9488
0.9533
0.9513
0.9539
0.9516
0.9515
0.9512
0.9523
0.9508
0.9504
0.9491
0.954
0.9523
0.9505
0.9517
0.9516
0.9582
0.9544
0.9466
0.952
0.9522
0.9468
0.9494
0.9552
0.9513
0.9514
0.9527
0.9518
0.9527
0.9507
0.9518
0.9519
0.9524
0.9511
0.9569
0.9479
0.9538
0.9491
0.9515
0.9562
0.9528
0.9513
0.9546
0.9516
0.9507
0.9515
0.9582
0.9521
0.9523
0.9536
0.9533
0.9525
0.9512
0.954
0.952
0.954
0.9516
0.9531
0.9499
0.9518
0.9495
0.9529
0.9521
0.9517
0.9558
0.9494
0.9484
0.9494
0.95
0.9517
0.9517
0.9506
0.9507
0.9552
0.9551
0.953
0.9531
0.9507
0.9487
0.9517
0.9526
0.9546
0.9534
0.9533
0.9521
0.9457
0.9561
0.9502
0.9544
0.9506
0.9526
0.9508
0.9533
0.9514
0.9511
0.9515
0.9553
0.9532
0.9484
0.9496
0.9507
0.9479
0.9519
0.9541
0.9533
0.9538
0.9532
0.9551
0.9526
0.9504
0.9531
0.9553
0.9509
0.9503
0.9527
0.9514
0.9534
0.9511
0.9532
0.9548
0.953
0.9547
0.9521
0.9518
0.9494
0.9497
0.9495
0.9477
0.952
0.9496
0.9499
0.953
0.9484
0.9496
0.9515
0.9532
0.9535
0.9522
0.954
0.9506
0.9501
0.9526
0.9505
0.9528
0.9537
0.951
0.9511
0.9558
0.9505
0.9498
0.9568
0.951
0.9531
0.9542
0.9555
0.9519
0.9525
0.9518
0.9506
0.9534
0.9496
0.9534
0.9511
0.9517
0.9496
0.9503
0.9546
0.9508
0.953
0.9537
0.9517
0.9552
0.9512
0.9545
0.9523
0.9499
0.9575
0.9535
0.9527
0.9524
0.9549
0.9545
0.9547
0.953
0.9502
0.955
0.9519
0.9518
0.9515
0.9505
0.9503
0.95
0.9535
0.9538
0.9546
0.955
0.9511
0.9538
0.9523
0.9508
0.9543
0.9508
0.9522
0.9514
0.9558
0.951
0.9503
0.9519
0.9523
0.9522
0.9523
0.9514
0.9532
0.9498
0.9498
0.947
0.9534
0.9541
0.9488
0.9533
0.9548
0.9516
0.9496
0.954
0.9514
0.9509
0.9509
0.9531
0.9541
0.9549
0.9511
0.9526
0.9526
0.9504
0.9517
0.9549
0.9544
0.9521
0.9521
0.9538
0.954
0.9553
0.9537
0.9541
0.9536
0.954
0.9554
0.9511
0.9541
0.9525
0.9506
0.9494
0.9494
0.9535
0.9518
0.9508
0.9517
0.9508
0.9503
0.9541
0.9524
0.9535
0.9525
0.9497
0.9499
0.9514
0.9531
0.954
0.9545
0.9531
0.9548
0.9522
0.956
0.9536
0.9505
0.9483
0.9484
0.9516
0.95
0.9501
0.9529
0.9521
0.9521
0.9586
0.9526
0.9502
0.9556
0.9534
0.9551
0.9542
0.9538
0.955
0.9492
0.9549
0.9566
0.9523
0.9488
0.9519
0.9558
0.9553
0.9493
0.9492
0.9521
0.9505
0.9518
0.9515
0.9523
0.9548
0.9543
0.9544
0.9559
0.954
0.9551
0.9543
0.9539
0.9553
0.951
0.9513
0.9578
0.9506
0.9544
0.9485
0.955
0.9575
0.9527
0.9505
0.9538
0.947
0.9516
0.9559
0.9508
0.9579
0.9545
0.9558
0.9554
0.9528
0.952
0.9544
0.9497
0.9504
0.954
0.9494
0.9513
0.9513
0.9537
0.949
0.956
0.9499
0.9542
0.9508
0.9569
0.9549
0.9516
0.9544
0.9536
0.9469
0.9508
0.9502
0.9518
0.9524
0.9516
0.9526
0.9523
0.9509
0.9582
0.9511
0.9485
0.9529
0.9509
0.9559
0.9491
0.9514
0.9484
0.9513
0.9516
0.9566
0.9533
0.9521
0.9537
0.9538
0.951
0.9544
0.9539
0.956
0.9534
0.9532
0.9495
0.958
0.9512
0.9546
0.9519
0.9503
0.9498
0.951
0.9488
0.9493
0.9498
0.9536
0.9507
0.9513
0.9507
0.9521
0.9523
0.9574
0.9524
0.953
0.9471
0.9506
0.9524
0.9566
0.9542
0.9569
0.9521
0.951
0.9524
0.948
0.9521
0.9513
0.953
0.9503
0.9535
0.9541
0.9532
0.9538
0.951
0.9509
0.9517
0.9528
0.9548
0.952
0.9484
0.9496
0.9547
0.9524
0.9508
0.9525
0.9517
0.9533
0.954
0.9531
0.9527
0.9529
0.9551
0.9496
0.9522
0.9492
0.9553
0.9534
0.9502
0.9495
0.9559
0.9535
0.9558
0.9522
0.9553
0.9529
0.9534
0.9533
0.9528
0.9547
0.954
0.9498
0.9529
0.9467
0.953
0.9513
0.951
0.9511
0.9525
0.9491
0.952
0.9508
0.949
0.9542
0.9514
0.9519
0.9553
0.9516
0.9537
0.9521
0.9532
0.9518
0.9518
0.9514
0.955
0.9512
0.9515
0.9487
0.9524
0.953
0.9514
0.9529
0.9514
0.9524
0.9527
0.9511
0.9517
0.9508
0.9525
0.9517
0.9505
0.9527
0.9552
0.953
0.9554
0.9546
0.9475
0.9526
0.9538
0.9562
0.9536
0.9526
0.9527
0.9507
0.9524
0.9504
0.9519
0.9546
0.9478
0.9545
0.9512
0.9534
0.9555
0.9512
0.9498
0.9538
0.9523
0.9533
0.9526
0.953
0.9537
0.9539
0.9519
0.9496
0.9554
0.952
0.9507
0.9521
0.9497
0.9535
0.9558
0.9565
0.9531
0.9522
0.9518
0.953
0.9503
0.957
0.9548
0.9513
0.9498
0.9526
0.952
0.9518
0.9555
0.9521
0.9525
0.953
0.9564
0.9542
0.9527
0.9502
0.9529
0.9518
0.9533
0.9545
0.951
0.9488
0.9493
0.9539
0.9593
0.9534
0.9536
0.9502
0.9534
0.9526
0.9514
0.9534
0.9528
0.9544
0.951
0.9532
0.9563
0.9551
0.9523
0.9485
0.9521
0.95
0.9502
0.955
0.9538
0.9534
0.9553
0.9516
0.9535
0.9546
0.9518
0.9521
0.9556
0.9536
0.9527
0.9556
0.9564
0.9522
0.9538
0.9513
0.9505
0.9513
0.9538
0.9533
0.9485
0.9494
0.9528
0.9537
0.954
0.9517
0.9472
0.9504
0.9556
0.9552
0.9501
0.9556
0.9538
0.9521
0.9557
0.9531
0.9517
0.9527
0.9508
0.9535
0.9518
0.9498
0.9537
0.9534
0.9523
0.9465
0.9505
0.9546
0.9531
0.9542
0.9558
0.9523
0.9517
0.9546
0.9511
0.9598
0.9509
0.9484
0.9533
0.9471
0.9506
0.9549
0.9536
0.9535
0.9533
0.9511
0.9555
0.9519
0.955
0.9543
0.9547
0.957
0.953
0.9554
0.9559
0.9526
0.954
0.9522
0.9525
0.9504
0.961
0.9501
0.9506
0.9539
0.9524
0.9514
0.9507
0.9546
0.9534
0.9532
0.954
0.9545
0.9534
0.957
0.9508
0.9539
0.9519
0.9539
0.9529
0.953
0.954
0.9507
0.9579
0.9537
0.9502
0.9526
0.949
0.9488
0.9546
0.9508
0.9556
0.9519
0.9521
0.9536
0.955
0.9493
0.9531
0.9545
0.9504
0.9484
0.9557
0.9533
0.9528
0.9531
0.9535
0.9573
0.9537
0.9537
0.9543
0.948
0.9505
0.9519
0.9526
0.9517
0.9561
0.9561
0.9544
0.9458
0.9499
0.9505
0.9554
0.9546
0.9565
0.9525
0.9533
0.9518
0.9533
0.9516
0.9523
0.9539
0.9533
0.9546
0.9544
0.9483
0.9524
0.9558
0.9492
0.9525
0.9528
0.9552
0.9516
0.951
0.9544
0.9512
0.9511
0.9504
0.9514
0.9515
0.9561
0.9521
0.949
0.9527
0.9519
0.9569
0.9535
0.9499
0.9503
0.9538
0.9524
0.9542
0.952
0.9563
0.952
0.9457
0.9549
0.9493
0.9535
0.949
0.9533
0.9551
0.9513
0.9564
0.9562
0.9511
0.951
0.9533
0.9504
0.9496
0.9534
0.9523
0.956
0.9471
0.957
0.9535
0.9504
0.9537
0.9509
0.9611
0.9511
0.9536
0.9549
0.9499
0.9514
0.9539
0.9527
0.952
0.955
0.9493
0.9521
0.9509
0.9513
0.9547
0.9512
0.9542
0.953
0.9515
0.9547
0.9561
0.957
0.9545
0.9503
0.9525
0.9562
0.9573
0.9559
0.9533
0.9518
0.9544
0.9519
0.9524
0.951
0.9494
0.9485
0.9554
0.9553
0.9497
0.9525
0.9519
0.9506
0.9513
0.9525
0.9519
0.9561
0.9518
0.9484
0.95
0.9563
0.9572
0.9551
0.9528
0.9545
0.9522
0.9558
0.9527
0.9484
0.9524
0.9483
0.9537
0.9518
0.9554
0.9531
0.9487
0.9554
0.9547
0.9522
0.9539
0.9555
0.951
0.9526
0.9562
0.9505
0.9587
0.9512
0.9546
0.9566
0.9533
0.9496
0.9563
0.9526
0.9544
0.957
0.9524
0.9558
0.9529
0.9509
0.95
0.951
0.9563
0.9542
0.9562
0.9565
0.9527
0.9522
0.9523
0.9547
0.9575
0.9556
0.9504
0.956
0.9543
0.9524
0.9524
0.9566
0.9515
0.9514
0.9553
0.9554
0.9528
0.9526
0.9561
0.9579
0.9527
0.9535
0.9504
0.9552
0.9542
0.9529
0.9515
0.9535
0.9503
0.9531
0.9484
0.9528
0.9502
0.9529
0.9556
0.9516
0.9571
0.9491
0.9545
0.9508
0.9538
0.9514
0.9533
0.9524
0.9558
0.9516
0.9532
0.9526
0.9559
0.9546
0.9523
0.9543
0.9562
0.9537
0.9523
0.9538
0.9524
0.9569
0.9524
0.9532
0.9492
0.9522
0.9516
0.9529
0.9519
0.9498
0.9566
0.9515
0.9523
0.9536
0.9522
0.9581
0.9534
0.9526
0.9493
0.9525
0.9511
0.9534
0.9544
0.9557
0.9552
0.9501
0.9516
0.9514
0.9555
0.9597
0.9529
0.951
0.9569
0.9515
0.9505
0.9497
0.9553
0.9532
0.9534
0.9538
0.9521
0.9546
0.9528
0.957
0.9566
0.9571
0.9561
0.9544
0.9539
0.9552
0.9553
0.9517
0.9539
0.9544
0.9537
0.9504
0.952
0.9489
0.9534
0.9497
0.9571
0.9523
0.9525
0.9527
0.9546
0.9524
0.9565
0.9502
0.9538
0.9566
0.9518
0.9519
0.9527
0.9556
0.9508
0.9548
0.9545
0.9578
0.956
0.9548
0.9555
0.9532
0.9503
0.9574
0.9548
0.9503
0.9503
0.9526
0.9527
0.9538
0.9518
0.9539
0.9598
0.9607
0.9536
0.9506
0.9546
0.9532
0.957
0.9538
0.9518
0.9528
0.9545
0.9514
0.9507
0.9545
0.9506
0.9511
0.9516
0.9545
0.9561
0.9572
0.9516
0.9512
0.95
0.9567
0.9524
0.9541
0.9533
0.9573
0.9521
0.9577
0.9514
0.9522
0.9548
0.9557
0.9537
0.9541
0.9547
0.9529
0.9514
0.9527
0.9525
0.951
0.9574
0.9496
0.9492
0.9543
0.9548
0.9515
0.9534
0.9508
0.9555
0.9567
0.955
0.9539
0.9554
0.9556
0.9538
0.9493
0.9544
0.9523
0.955
0.9521
0.9532
0.9537
0.9562
0.9525
0.9546
0.9501
0.9541
0.9555
0.9551
0.9549
0.9557
0.9557
0.9523
0.9552
0.9561
0.9544
0.9534
0.9547
0.9551
0.9579
0.9542
0.9571
0.9565
0.9486
0.9523
0.9614
0.9536
0.9531
0.9574
0.9518
0.9527
0.9561
0.9475
0.9535
0.9549
0.9597
0.9528
0.9541
0.9538
0.9521
0.9568
0.9502
0.9548
0.9551
0.9545
0.9544
0.9567
0.9541
0.9534
0.9525
0.9485
0.9546
0.95
0.9584
0.9528
0.9527
0.9554
0.9528
0.9576
0.9544
0.9566
0.9538
0.9542
0.9553
0.9543
0.9499
0.9548
0.9539
0.9518
0.9526
0.9543
0.9573
0.9561
0.9545
0.9517
0.9522
0.9533
0.9536
0.9542
0.9561
0.953
0.9571
0.954
0.948
0.9554
0.9549
0.9559
0.9546
0.9534
0.9523
0.9566
0.9522
0.9524
0.9534
0.9544
0.9523
0.9531
0.9523
0.9522
0.9538
0.9573
0.9517
0.9503
0.9533
0.9565
0.9564
0.9551
0.9544
0.9548
0.9562
0.9581
0.9582
0.9562
0.9515
0.947
0.9534
0.953
0.9526
0.9549
0.9518
0.9552
0.9532
0.9542
0.9555
0.9522
0.9536
0.9538
0.9522
0.9539
0.953
0.9538
0.9527
0.9549
0.9583
0.9542
0.9591
0.9555
0.9575
0.9548
0.9584
0.956
0.9517
0.9522
0.9545
0.9535
0.9538
0.957
0.9527
0.9618
0.9569
0.9532
0.9566
0.9557
0.9596
0.9537
0.9516
0.9529
0.9576
0.9536
0.9566
0.9534
0.9578
0.9581
0.9565
0.9521
0.955
0.9534
0.9541
0.9515
0.9537
0.9532
0.955
0.9516
0.9507
0.9546
0.958
0.9533
0.9568
0.9553
0.9562
0.9595
0.9533
0.9535
0.9634
0.9519
0.9524
0.9578
0.9509
0.9528
0.9499
0.954
0.9531
0.9546
0.9476
0.9524
0.9485
0.9539
0.9552
0.9554
0.9462
0.9531
0.9559
0.9516
0.9541
0.9524
0.9584
0.9503
0.9544
0.9494
0.9528
0.952
0.9553
0.9592
0.9557
0.9527
0.9543
0.9517
0.9552
0.9512
0.9529
0.9552
0.9575
0.9526
0.9507
0.9535
0.9501
0.9538
0.9558
0.9529
0.9533
0.9528
0.952
0.9542
0.956
0.9561
0.958
0.9514
0.955
0.9542
0.9525
0.9554
0.952
0.954
0.9492
0.9531
0.9557
0.9507
0.954
0.9543
0.9507
0.9567
0.9538
0.9519
0.9522
0.9552
0.9524
0.9537
0.9487
0.9549
0.9533
0.9529
0.9579
0.9593
0.9546
0.952
0.9546
0.9493
0.9515
0.9526
0.9578
0.9527
0.9536
0.9581
0.9536
0.9572
0.9548
0.9598
0.9554
0.9544
0.955
0.9534
0.9563
0.955
0.9541
0.9531
0.9527
0.9541
0.9575
0.9575
0.9566
0.9536
0.9528
0.9572
0.9533
0.9565
0.9566
0.9534
0.9528
0.9574
0.9565
0.9493
0.9522
0.958
0.9549
0.9554
0.952
0.9501
0.9546
0.9514
0.9544
0.9559
0.9568
0.9537
0.9571
0.9543
0.9525
0.9499
0.9492
0.9541
0.9537
0.955
0.9547
0.9589
0.9573
0.9544
0.9521
0.9545
0.9571
0.956
0.9596
0.956
0.9536
0.9549
0.9517
0.9585
0.9579
0.9567
0.956
0.9531
0.9582
0.956
0.9541
0.9595
0.9527
0.95
0.9576
0.9563
0.9567
0.9565
0.9652
0.9579
0.953
0.9526
0.9556
0.9516
0.9534
0.9584
0.9586
0.9567
0.9568
0.9545
0.9551
0.9571
0.9503
0.9532
0.9577
0.9577
0.958
0.9529
0.9559
0.9575
0.9566
0.9561
0.9537
0.9547
0.9557
0.9551
0.9541
0.9537
0.9533
0.9539
0.9533
0.9568
0.9536
0.9528
0.9544
0.9584
0.9555
0.9638
0.9618
0.9585
0.9582
0.9513
0.955
0.9526
0.9556
0.955
0.9545
0.9553
0.9581
0.9511
0.9545
0.9541
0.9579
0.9584
0.9535
0.9568
0.9523
0.9589
0.9553
0.9552
0.958
0.9552
0.9562
0.9563
0.9573
0.9547
0.9561
0.9578
0.9538
0.9556
0.9528
0.9572
0.9549
0.9551
0.9545
0.9607
0.9545
0.955
0.9539
0.9551
0.9533
0.9544
0.9609
0.9576
0.9518
0.9554
0.9526
0.9591
0.9577
0.9528
0.9571
0.95
0.9534
0.9504
0.9522
0.9552
0.9564
0.9503
0.9558
0.9536
0.9553
0.9528
0.955
0.9538
0.9548
0.9553
0.9547
0.952
0.9524
0.9592
0.9538
0.9547
0.9528
0.9547
0.9549
0.9551
0.9584
0.9536
0.9623
0.9547
0.9558
0.958
0.9508
0.9565
0.9572
0.9577
0.9528
0.9637
0.9603
0.9546
0.952
0.9563
0.9563
0.9573
0.9538
0.9572
0.9557
0.9591
0.9587
0.9529
0.953
0.9538
0.954
0.9528
0.9556
0.9545
0.9558
0.9537
0.9571
0.9537
0.9558
0.9536
0.9545
0.9557
0.9524
0.9544
0.9565
0.9556
0.9604
0.9525
0.9534
0.9544
0.9489
0.9545
0.9537
0.9562
0.9564
0.9579
0.9551
0.954
0.9562
0.953
0.9541
0.9592
0.9551
0.9548
0.958
0.9541
0.9584
0.9565
0.9549
0.9516
0.9549
0.952
0.9523
0.9581
0.9539
0.9556
0.9516
0.9564
0.9581
0.9576
0.9545
0.9584
0.9601
0.9579
0.9546
0.962
0.9626
0.955
0.9542
0.9602
0.9584
0.9555
0.9552
0.9542
0.9539
0.9612
0.9525
0.9565
0.9528
0.9561
0.9591
0.9535
0.9544
0.9542
0.9554
0.9566
0.9533
0.9564
0.9519
0.9562
0.9548
0.9549
0.9531
0.9535
0.9582
0.9581
0.957
0.9524
0.9578
0.9599
0.9557
0.958
0.9561
0.9515
0.9515
0.9553
0.9557
0.957
0.9582
0.9557
0.9542
0.954
0.9543
0.9525
0.9577
0.9542
0.956
0.9567
0.9536
0.9575
0.9535
0.9569
0.9592
0.9552
0.9557
0.9509
0.9466
0.9554
0.9592
0.9538
0.9573
0.9559
0.954
0.9553
0.9506
0.9542
0.9569
0.9545
0.9558
0.9551
0.9561
0.9562
0.9524
0.9533
0.9568
0.954
0.9553
0.9525
0.9542
0.9548
0.9595
0.9614
0.9539
0.9599
0.9558
0.9506
0.957
0.9562
0.9561
0.9554
0.9543
0.9525
0.953
0.9539
0.9555
0.9552
0.9522
0.9542
0.9544
0.9556
0.9569
0.9568
0.9566
0.9511
0.9514
0.9536
0.9567
0.9537
0.9568
0.9604
0.9551
0.9617
0.956
0.9551
0.9554
0.955
0.9595
0.956
0.9631
0.9556
0.9542
0.9567
0.959
0.9549
0.9576
0.9565
0.96
0.9524
0.9592
0.9605
0.9492
0.9541
0.9557
0.9504
0.9596
0.9543
0.9549
0.9557
0.9559
0.9597
0.9556
0.9583
0.9572
0.9582
0.9554
0.9545
0.9556
0.955
0.9563
0.9561
0.9573
0.9574
0.9568
0.9554
0.9494
0.9553
0.9562
0.9563
0.9569
0.9588
0.9528
0.9565
0.9597
0.9561
0.9572
0.959
0.955
0.9581
0.9552
0.9542
0.9519
0.9557
0.9582
0.9574
0.956
0.9607
0.9562
0.9564
0.9583
0.9533
0.95
0.9577
0.9586
0.9516
0.9605
0.9517
0.9555
0.9597
0.9586
0.956
0.9552
0.9586
0.9579
0.9532
0.953
0.955
0.959
0.9565
0.9543
0.9499
0.956
0.9612
0.9555
0.9558
0.957
0.9584
0.9554
0.9556
0.9575
0.9562
0.9567
0.957
0.9612
0.9548
0.9592
0.9566
0.9551
0.955
0.9604
0.9587
0.9503
0.9602
0.9553
0.9621
0.9592
0.9586
0.9556
0.9579
0.9561
0.9579
0.9512
0.9535
0.9507
0.9555
0.9544
0.9614
0.9545
0.9527
0.9567
0.9612
0.958
0.9571
0.9562
0.9572
0.9549
0.9568
0.9532
0.9561
0.9539
0.957
0.9549
0.9548
0.9564
0.9536
0.957
0.9513
0.9523
0.9559
0.9588
0.9554
0.953
0.9618
0.9546
0.9542
0.9551
0.9555
0.9566
0.9546
0.957
0.9506
0.9564
0.951
0.9583
0.9529
0.9561
0.9562
0.9594
0.9581
0.9533
0.958
0.9537
0.9627
0.9579
0.9563
0.9539
0.9598
0.9568
0.9574
0.9531
0.9603
0.9574
0.9576
0.9602
0.958
0.9547
0.9552
0.9541
0.9558
0.9594
0.9545
0.9571
0.9535
0.9519
0.956
0.9602
0.9578
0.9619
0.9551
0.9583
0.9544
0.9559
0.9602
0.9544
0.9549
0.9579
0.9553
0.9514
0.9555
0.9562
0.9522
0.9534
0.9637
0.9572
0.9536
0.963
0.9528
0.9586
0.957
0.9583
0.9548
0.9561
0.9509
0.9607
0.956
0.9556
0.9601
0.9608
0.9604
0.9575
0.9574
0.9552
0.9561
0.9602
0.953
0.9548
0.9567
0.958
0.9528
0.9583
0.9554
0.9601
0.9572
0.9567
0.952
0.9555
0.9602
0.9555
0.9581
0.9588
0.9575
0.9598
0.9605
0.9504
0.9535
0.9575
0.9618
0.957
0.9558
0.955
0.9564
0.9551
0.9609
0.9596
0.9609
0.9549
0.9563
0.956
0.9556
0.9523
0.9553
0.9539
0.9617
0.9578
0.9549
0.9517
0.954
0.9543
0.9564
0.9558
0.9561
0.9583
0.9559
0.9542
0.9554
0.9582
0.9604
0.9567
0.957
0.9563
0.9609
0.9559
0.9555
0.9595
0.9589
0.9562
0.9601
0.9583
0.9573
0.961
0.9521
0.957
0.9617
0.9616
0.9605
0.9552
0.9556
0.9528
0.9541
0.9602
0.9551
0.9543
0.9575
0.9599
0.966
0.9579
0.9604
0.955
0.9525
0.9632
0.9617
0.9577
0.9607
0.9623
0.96
0.9565
0.9537
0.9598
0.9558
0.955
0.9638
0.9525
0.9595
0.9585
0.9587
0.9632
0.9557
0.9617
0.9604
0.9576
0.9589
0.9626
0.9576
0.9629
0.9604
0.9626
0.9558
0.9526
0.9544
0.9623
0.9606
0.9547
0.96
0.9578
0.9565
0.9613
0.953
0.9572
0.9631
0.9566
0.9565
0.9646
0.9623
0.9564
0.961
0.9553
0.9557
0.9554
0.9575
0.9557
0.9567
0.9552
0.9547
0.9588
0.9609
0.9577
0.9566
0.9572
0.9597
0.955
0.9602
0.9623
0.9523
0.9538
0.9532
0.9586
0.9601
0.9608
0.9589
0.9537
0.9585
0.9544
0.9538
0.9574
0.954
0.9555
0.9585
0.9601
0.956
0.9603
0.9636
0.96
0.9589
0.958
0.9587
0.9624
0.9572
0.9571
0.9613
0.9575
0.9564
0.9643
0.9614
0.9555
0.9573
0.9536
0.9547
0.961
0.9585
0.9574
0.9566
0.9585
0.9602
0.9618
0.9591
0.9565
0.9545
0.9549
0.952
0.9547
0.9583
0.9544
0.9538
0.9607
0.9556
0.9576
0.9618
0.9594
0.9549
0.9554
0.9598
0.956
0.9626
0.9598
0.9552
0.9605
0.9552
0.9544
0.9548
0.9569
0.9535
0.9599
0.9565
0.9537
0.9554
0.957
0.9631
0.9568
0.9594
0.9543
0.9603
0.9558
0.9574
0.9568
0.9607
0.9532
0.9603
0.9584
0.9595
0.9587
0.9569
0.9583
0.9564
0.9603
0.9557
0.9535
0.9563
0.9568
0.9528
0.9598
0.9619
0.9562
0.9625
0.9567
0.9566
0.9559
0.9575
0.9596
0.9535
0.953
0.9594
0.9582
0.9544
0.9546
0.9615
0.9558
0.9532
0.9566
0.9595
0.9591
0.9571
0.9579
0.9583
0.9589
0.9547
0.9575
0.9542
0.9607
0.9599
0.9572
0.9551
0.959
0.9628
0.9644
0.9597
0.9566
0.9555
0.958
0.9599
0.9593
0.9619
0.9562
0.9563
0.9554
0.9634
0.9582
0.9607
0.9552
0.9581
0.9581
0.9587
0.9565
0.9611
0.9631
0.9583
0.9551
0.9608
0.9581
0.9576
0.9588
0.9526
0.9579
0.9563
0.9542
0.9649
0.9593
0.9542
0.9534
0.9621
0.9603
0.961
0.959
0.9587
0.9605
0.9575
0.9569
0.9582
0.9561
0.9607
0.9575
0.9642
0.9614
0.9584
0.9622
0.954
0.9563
0.9611
0.9556
0.9603
0.9568
0.963
0.9598
0.9579
0.9605
0.9589
0.9622
0.9637
0.9609
0.9631
0.9621
0.9589
0.9566
0.9602
0.9581
0.9613
0.9586
0.9589
0.9624
0.9594
0.9638
0.9575
0.958
0.9617
0.962
0.9561
0.9611
0.9699
0.9566
0.9565
0.9611
0.9593
0.96
0.9619
0.9538
0.9607
0.9621
0.9564
0.9533
0.9649
0.9553
0.9572
0.9626
0.9542
0.9523
0.9642
0.965
0.9542
0.953
0.955
0.9576
0.9609
0.9626
0.9611
0.9611
0.9557
0.9565
0.9588
0.9584
0.9575
0.9598
0.9576
0.9576
0.9559
0.9615
0.9585
0.9601
0.9539
0.9581
0.9643
0.963
0.9642
0.9587
0.9595
0.9602
0.9594
0.9561
0.9618
0.9579
0.9597
0.9572
0.9559
0.955
0.9536
0.9565
0.9546
0.9548
0.9619
0.9582
0.9628
0.9607
0.9565
0.959
0.9625
0.9624
0.956
0.9594
0.9618
0.9616
0.959
0.9643
0.9569
0.9607
0.9586
0.9598
0.9591
0.9605
0.9567
0.9636
0.9572
0.9549
0.9634
0.9576
0.961
0.9578
0.9545
0.96
0.9577
0.957
0.9592
0.9575
0.9631
0.9578
0.9618
0.9542
0.9612
0.9555
0.963
0.96
0.9666
0.9577
0.9567
0.9667
0.9621
0.9578
0.9594
0.9613
0.9635
0.9554
0.9567
0.9625
0.9559
0.9545
0.9591
0.9622
0.9593
0.9554
0.9637
0.9556
0.957
0.9607
0.9573
0.9597
0.9619
0.9635
0.9625
0.9554
0.959
0.9555
0.9599
0.9565
0.9612
0.961
0.9588
0.9601
0.9563
0.9625
0.9571
0.9563
0.9619
0.9599
0.9615
0.9605
0.959
0.958
0.953
0.9552
0.9582
0.9607
0.9553
0.9534
0.9591
0.9588
0.9589
0.9568
0.961
0.9603
0.9574
0.9565
0.9571
0.9567
0.9576
0.9581
0.9589
0.957
0.9583
0.96
0.9582
0.9631
0.9627
0.9585
0.9657
0.9606
0.9539
0.9584
0.9656
0.9533
0.9558
0.9676
0.957
0.9562
0.9617
0.9592
0.9623
0.9617
0.9581
0.9596
0.9647
0.9544
0.955
0.9676
0.9574
0.9553
0.9661
0.9607
0.9622
0.9604
0.9626
0.9546
0.9604
0.9601
0.9552
0.9562
0.9631
0.9604
0.9648
0.9629
0.9623
0.9586
0.9539
0.9571
0.9568
0.9611
0.966
0.9557
0.9587
0.9591
0.9603
0.9589
0.9597
0.9572
0.9619
0.957
0.9595
0.9631
0.963
0.9577
0.9588
0.9626
0.9621
0.9634
0.9618
0.9625
0.9581
0.9618
0.9619
0.9586
0.9558
0.9606
0.9606
0.9593
0.9586
0.9655
0.9591
0.9611
0.9608
0.9647
0.9618
0.9618
0.9602
0.9598
0.9558
0.9568
0.9647
0.9562
0.9644
0.9548
0.9596
0.9586
0.9641
0.9581
0.9612
0.9637
0.9619
0.9587
0.9609
0.9625
0.9676
0.9603
0.9625
0.9612
0.9541
0.9614
0.9681
0.9595
0.9589
0.9632
0.9609
0.9586
0.9574
0.9599
0.9577
0.9596
0.9583
0.9551
0.962
0.9579
0.957
0.9608
0.9647
0.9643
0.9565
0.9575
0.9607
0.9565
0.9651
0.9633
0.9552
0.9639
0.9585
0.9589
0.9541
0.9574
0.9609
0.9638
0.9621
0.9622
0.958
0.9649
0.9557
0.9584
0.9552
0.9542
0.9544
0.9612
0.9648
0.9605
0.9609
0.9625
0.9586
0.9588
0.9579
0.9637
0.9567
0.9574
0.9608
0.9576
0.9608
0.9578
0.9613
0.9635
0.9649
0.9606
0.9566
0.9662
0.9536
0.9592
0.9586
0.9564
0.9598
0.9566
0.959
0.9604
0.9612
0.9599
0.9654
0.9631
0.9603
0.9606
0.9565
0.9634
0.9619
0.962
0.9643
0.9601
0.9576
0.9596
0.9596
0.9603
0.9569
0.9598
0.9582
0.9637
0.9604
0.9616
0.9593
0.9593
0.9595
0.9664
0.9596
0.9604
0.9626
0.9595
0.9626
0.9595
0.9568
0.9611
0.9624
0.9641
0.9592
0.9625
0.9681
0.9561
0.9618
0.9582
0.9614
0.9643
0.9621
0.9639
0.9602
0.9676
0.9607
0.962
0.9584
0.9613
0.9585
0.9615
0.9553
0.9622
0.9606
0.9534
0.9632
0.9558
0.966
0.9565
0.9641
0.9602
0.962
0.9555
0.9594
0.9644
0.9575
0.9614
0.9608
0.9639
0.9567
0.9596
0.9661
0.9643
0.9569
0.9581
0.9586
0.9656
0.9587
0.9579
0.9592
0.9611
0.9586
0.9531
0.9663
0.9602
0.9601
0.9722
0.959
0.9666
0.9662
0.9572
0.9655
0.9558
0.9602
0.964
0.9604
0.9598
0.9712
0.9642
0.9582
0.9604
0.9627
0.9601
0.9547
0.9629
0.9623
0.9654
0.9622
0.9543
0.9615
0.9569
0.9611
0.9599
0.9588
0.9608
0.961
0.9614
0.9664
0.9696
0.9631
0.9601
0.9639
0.9641
0.9517
0.9629
0.9681
0.9562
0.961
0.9606
0.9605
0.9597
0.9584
0.9637
0.9585
0.9558
0.9548
0.9604
0.967
0.9602
0.9658
0.9585
0.9584
0.9553
0.9602
0.9648
0.959
0.9658
0.9649
0.9577
0.9595
0.9678
0.9648
0.9612
0.9638
0.96
0.9693
0.9628
0.9644
0.9605
0.9625
0.9599
0.9583
0.9588
0.9558
0.9613
0.962
0.9574
0.9644
0.9633
0.9622
0.9643
0.9605
0.9628
0.9614
0.9577
0.9673
0.967
0.9615
0.9654
0.9614
0.9621
0.9594
0.9717
0.954
0.9571
0.9548
0.9629
0.9654
0.9581
0.9578
0.9656
0.9637
0.9644
0.9704
0.9625
0.9617
0.9679
0.9566
0.9602
0.9593
0.9593
0.9605
0.9642
0.9604
0.9579
0.9594
0.9565
0.9624
0.9647
0.9591
0.9612
0.9602
0.9578
0.9609
0.9601
0.9591
0.958
0.9639
0.9575
0.9611
0.9588
0.9698
0.9645
0.9629
0.9658
0.9597
0.9613
0.96
0.9604
0.9607
0.9537
0.9608
0.9578
0.9707
0.9611
0.961
0.9596
0.955
0.9666
0.9647
0.9685
0.9663
0.96
0.9612
0.9598
0.9652
0.959
0.961
0.9651
0.9625
0.9565
0.9613
0.9691
0.9627
0.9568
0.9709
0.9651
0.9552
0.9655
0.9688
0.9549
0.9631
0.966
0.959
0.9678
0.9627
0.9598
0.9527
0.9609
0.9626
0.9564
0.9708
0.9634
0.9611
0.9638
0.9596
0.9655
0.9664
0.9563
0.9646
0.9656
0.9628
0.9581
0.9631
0.9628
0.9627
0.9663
0.9626
0.9583
0.9635
0.9654
0.9635
0.9754
0.9602
0.9603
0.9631
0.9751
0.9695
0.9606
0.9646
0.9657
0.9627
0.9607
0.9599
0.9631
0.9703
0.9649
0.9652
0.962
0.9632
0.9607
0.9643
0.9636
0.9613
0.9636
0.9667
0.9585
0.9565
0.9607
0.9744
0.961
0.9608
0.9581
0.9627
0.9607
0.9573
0.9669
0.9609
0.9651
0.9644
0.9657
0.9588
0.9685
0.9628
0.9644
0.9585
0.9629
0.9625
0.9628
0.9639
0.9632
0.9619
0.9691
0.9607
0.9713
0.9565
0.9614
0.9601
0.9629
0.9656
0.9661
0.9653
0.9617
0.9598
0.9649
0.9629
0.9644
0.9623
0.9643
0.9639
0.9677
0.9663
0.9618
0.9572
0.9623
0.9704
0.9573
0.9615
0.9643
0.9598
0.9691
0.9702
0.9621
0.9594
0.9605
0.9633
0.9667
0.9641
0.9617
0.9617
0.9632
0.9679
0.9657
0.9674
0.9653
0.9621
0.9733
0.9642
0.9717
0.9623
0.9643
0.9649
0.9601
0.9605
0.9567
0.9593
0.962
0.9639
0.9621
0.9579
0.9651
0.9581
0.9672
0.9587
0.9637
0.9643
0.9607
0.9676
0.9658
0.9622
0.9627
0.9679
0.959
0.9674
0.9627
0.9682
0.9676
0.9662
0.964
0.9661
0.961
0.9602
0.9606
0.9644
0.9623
0.9625
0.9654
0.9639
0.962
0.9637
0.9655
0.9649
0.9663
0.9608
0.9645
0.9628
0.9643
0.965
0.9687
0.9614
0.9586
0.9612
0.9679
0.9626
0.9595
0.9615
0.9635
0.9648
0.9641
0.9675
0.9643
0.9681
0.9628
0.9646
0.9616
0.9652
0.9666
0.9681
0.9652
0.9636
0.9629
0.9621
0.961
0.9604
0.9572
0.9629
0.9637
0.9622
0.9642
0.9633
0.9652
0.9573
0.969
0.9696
0.9656
0.9654
0.9596
0.9691
0.9629
0.9634
0.9629
0.9637
0.9651
0.9744
0.9625
0.9652
0.9672
0.9671
0.9615
0.9617
0.9678
0.9701
0.9652
0.9675
0.9644
0.9639
0.9592
0.963
0.9639
0.9684
0.9667
0.9684
0.9639
0.9701
0.9687
0.9655
0.9661
0.9644
0.9591
0.9677
0.9677
0.9626
0.965
0.9666
0.9595
0.9602
0.9607
0.9603
0.9658
0.9683
0.9692
0.964
0.9692
0.9623
0.9591
0.9648
0.962
0.9716
0.9651
0.9599
0.9612
0.9672
0.9635
0.9654
0.9624
0.9616
0.9639
0.9649
0.9707
0.9686
0.9638
0.9589
0.9724
0.9584
0.9619
0.9633
0.9653
0.9639
0.9649
0.9632
0.9686
0.9631
0.9641
0.9736
0.9605
0.9632
0.9642
0.9604
0.965
0.9698
0.9595
0.9662
0.9654
0.9723
0.961
0.9694
0.9664
0.9606
0.9615
0.9648
0.9631
0.9634
0.9611
0.9672
0.9628
0.9639
0.9614
0.9727
0.9664
0.9613
0.9668
0.9599
0.9658
0.9623
0.9706
0.9581
0.9641
0.9621
0.9655
0.9658
0.9663
0.9653
0.9668
0.9636
0.9613
0.9703
0.9651
0.9646
0.9692
0.9592
0.9618
0.9694
0.9692
0.9623
0.9644
0.9669
0.9665
0.9669
0.9636
0.9726
0.9621
0.9624
0.9586
0.955
0.964
0.9679
0.962
0.9652
0.9618
0.9681
0.9687
0.9646
0.9638
0.9665
0.9604
0.9667
0.9623
0.9673
0.9656
0.9652
0.9635
0.9644
0.9648
0.963
0.9636
0.9575
0.9663
0.9645
0.9646
0.9677
0.9642
0.9703
0.9645
0.9659
0.9577
0.9647
0.9649
0.9671
0.966
0.9605
0.9632
0.9638
0.966
0.9675
0.9661
0.9665
0.9641
0.9674
0.9694
0.97
0.9618
0.9631
0.9655
0.9606
0.9667
0.9723
0.9636
0.9623
0.9615
0.958
0.9633
0.9688
0.966
0.9608
0.9651
0.9592
0.9696
0.9665
0.9718
0.9655
0.9605
0.9609
0.9716
0.9684
0.9658
0.9722
0.9696
0.9646
0.9666
0.9638
0.9632
0.9621
0.9692
0.9588
0.9596
0.9666
0.9696
0.9612
0.9656
0.9742
0.9684
0.9626
0.9651
0.9629
0.9676
0.9668
0.9615
0.9656
0.9726
0.9654
0.9576
0.9639
0.9663
0.9621
0.9685
0.9654
0.9661
0.968
0.9712
0.9636
0.9653
0.9661
0.9655
0.9664
0.9675
0.9722
0.9642
0.9656
0.9608
0.9694
0.9636
0.9684
0.965
0.9716
0.9754
0.9609
0.9598
0.9617
0.9701
0.9685
0.9697
0.9666
0.9636
0.96
0.9631
0.9706
0.9661
0.9707
0.9717
0.9693
0.973
0.9684
0.9645
0.967
0.9684
0.967
0.9632
0.9645
0.9609
0.9686
0.9692
0.9697
0.9665
0.9667
0.9672
0.9623
0.9649
0.9694
0.9719
0.9615
0.9666
0.9663
0.963
0.9656
0.9634
0.9696
0.9777
0.9675
0.9677
0.9625
0.9688
0.9702
0.9626
0.9632
0.968
0.9696
0.9727
0.9622
0.9723
0.9729
0.964
0.9641
0.9619
0.9725
0.9663
0.9675
0.9704
0.9787
0.9687
0.9646
0.974
0.967
0.9631
0.9657
0.9688
0.9674
0.9691
0.9689
0.9643
0.9651
0.9635
0.9676
0.9655
0.9669
0.9705
0.9615
0.9646
0.9706
0.9616
0.9641
0.9599
0.9643
0.9612
0.9625
0.9755
0.9707
0.9687
0.9657
0.9784
0.9676
0.9693
0.9686
0.9695
0.9724
0.9725
0.968
0.9723
0.9714
0.9719
0.9656
0.9625
0.9715
0.9727
0.9701
0.9667
0.9767
0.9692
0.9675
0.9664
0.9687
0.9618
0.9766
0.9697
0.9623
0.9676
0.9663
0.9615
0.9806
0.9689
0.9725
0.9654
0.9653
0.9713
0.9692
0.9696
0.9635
0.9617
0.9686
0.9696
0.9621
0.9628
0.9638
0.9689
0.9692
0.9689
0.9714
0.9748
0.9675
0.9626
0.9625
0.9667
0.9691
0.9737
0.9666
0.9712
0.9689
0.967
0.9672
0.9662
0.9594
0.9624
0.9693
0.9725
0.964
0.9739
0.9644
0.9637
0.9636
0.9714
0.9811
0.9623
0.9789
0.971
0.9673
0.9707
0.974
0.9675
0.9679
0.9709
0.9645
0.9704
0.9698
0.9756
0.9751
0.9649
0.9705
0.9644
0.9626
0.9662
0.9725
0.9681
0.9714
0.9707
0.9731
0.9718
0.9642
0.9711
0.9785
0.9638
0.96
0.9627
0.9755
0.9768
0.9644
0.9699
0.9672
0.9645
0.9704
0.9672
0.9709
0.972
0.9732
0.9657
0.9624
0.9739
0.9706
0.9685
0.9715
0.9723
0.9707
0.9657
0.9678
0.9643
0.9681
0.9688
0.9694
0.9708
0.9776
0.9702
0.972
0.966
0.9692
0.9735
0.9657
0.9719
0.9709
0.9666
0.9625
0.9725
0.969
0.9717
0.9688
0.9781
0.9689
0.9686
0.9687
0.9688
0.965
0.9617
0.969
0.9711
0.9681
0.9648
0.9677
0.9637
0.9736
0.9677
0.9613
0.9662
0.9696
0.9793
0.9657
0.9656
0.968
0.9677
0.9742
0.9628
0.9723
0.9656
0.9659
0.9747
0.9704
0.9689
0.9681
0.9687
0.9662
0.9701
0.967
0.9688
0.9718
0.9741
0.9719
0.965
0.9649
0.9704
0.974
0.9688
0.9721
0.9664
0.9655
0.9602
0.9684
0.9636
0.9778
0.9774
0.9768
0.9662
0.9758
0.9638
0.9716
0.9626
0.972
0.9681
0.9719
0.9637
0.972
0.9726
0.9767
0.9692
0.9651
0.9685
0.9704
0.9662
0.9692
0.9682
0.9658
0.9695
0.9704
0.9656
0.9685
0.9666
0.9743
0.9636
0.9651
0.9796
0.9707
0.9648
0.9715
0.9743
0.971
0.9755
0.9676
0.9671
0.9647
0.9657
0.9667
0.9762
0.9704
0.969
0.9718
0.9752
0.97
0.9809
0.9696
0.9703
0.9687
0.966
0.9639
0.9692
0.9793
0.9728
0.9779
0.9721
0.9705
0.9687
0.9635
0.9655
0.9697
0.9692
0.968
0.9667
0.9743
0.9645
0.9682
0.9679
0.974
0.9728
0.9653
0.9619
0.9683
0.9697
0.9706
0.971
0.9738
0.9707
0.9673
0.9687
0.9644
0.9643
0.9635
0.9621
0.9732
0.9693
0.9697
0.9738
0.9721
0.9691
0.9623
0.9731
0.9686
0.9678
0.9796
0.9711
0.9765
0.9672
0.9697
0.9674
0.9685
0.9742
0.9667
0.9687
0.965
0.9689
0.9737
0.9716
0.9609
0.9693
0.9795
0.9678
0.9693
0.9755
0.9648
0.9703
0.9639
0.9685
0.9736
0.9791
0.9763
0.9729
0.9677
0.9632
0.9676
0.9657
0.9778
0.972
0.9688
0.9727
0.9656
0.9719
0.9618
0.965
0.9652
0.9684
0.9818
0.9725
0.9798
0.9712
0.9637
0.976
0.9758
0.9681
0.9685
0.9653
0.9786
0.9711
0.9739
0.9705
0.9718
0.9742
0.9756
0.9727
0.9631
0.9641
0.9714
0.9741
0.9723
0.9802
0.9689
0.9727
0.9736
0.9705
0.9715
0.9754
0.9693
0.9786
0.9759
0.974
0.9767
0.9679
0.9668
0.9738
0.9705
0.9818
0.9749
0.9757
0.9589
0.9702
0.9639
0.9768
0.9734
0.9771
0.964
0.9703
0.9644
0.9765
0.9722
0.979
0.9837
0.9695
0.9702
0.9823
0.9741
0.9705
0.9694
0.9688
0.9643
0.9759
0.9653
0.9683
0.9711
0.968
0.9824
0.971
0.9724
0.9719
0.9676
0.9764
0.9743
0.9684
0.9731
0.9771
0.9725
0.9752
0.9758
0.9779
0.9724
0.9735
0.9763
0.9688
0.9705
0.9754
0.9674
0.9781
0.9707
0.973
0.967
0.9685
0.968
0.9677
0.9862
0.9733
0.9728
0.963
0.9678
0.9702
0.9718
0.9741
0.9705
0.9679
0.9648
0.9727
0.9718
0.962
0.9694
0.9719
0.9776
0.9692
0.9722
0.9749
0.969
0.9757
0.9748
0.9721
0.9712
0.9705
0.9682
0.9673
0.9662
0.9663
0.9724
0.9733
0.9807
0.9691
0.9852
0.9691
0.9747
0.9675
0.975
0.9723
0.9708
0.9712
0.9698
0.9737
0.9778
0.9734
0.9712
0.9753
0.9765
0.9643
0.9718
0.9766
0.9693
0.9649
0.9712
0.9623
0.9807
0.9682
0.9814
0.9758
0.9691
0.9699
0.9689
0.9686
0.9816
0.9655
0.9794
0.974
0.9772
0.9652
0.9662
0.9649
0.9841
0.9641
0.9733
0.9719
0.9707
0.9718
0.9726
0.9707
0.967
0.9681
0.9709
0.9683
0.9652
0.9717
0.9669
0.9758
0.9731
0.9799
0.9745
0.9659
0.9686
0.9837
0.9719
0.975
0.9642
0.9713
0.9673
0.9721
0.9732
0.9692
0.9778
0.9709
0.9788
0.9705
0.9665
0.9736
0.9748
0.9817
0.9803
0.9764
0.9692
0.973
0.9882
0.9712
0.9707
0.9773
0.974
0.9715
0.9648
0.977
0.9745
0.9761
0.9748
0.9781
0.9728
0.9857
0.9722
0.963
0.9673
0.9709
0.968
0.9703
0.9699
0.9685
0.9775
0.9685
0.9719
0.9693
0.9695
0.9706
0.968
0.9655
0.9862
0.9771
0.9761
0.9709
0.974
0.9776
0.9887
0.9732
0.98
0.9731
0.9677
0.9728
0.9833
0.9687
0.9844
0.9731
0.9696
0.9666
0.9762
0.9709
0.9681
0.9768
0.9712
0.9741
0.9777
0.9816
0.9795
0.9699
0.9788
0.9726
0.982
0.9719
0.9685
0.9773
0.9767
0.9769
0.9723
0.9717
0.9736
0.9706
0.9738
0.9817
0.9766
0.9832
0.9729
0.9705
0.9718
0.9802
0.9751
0.97
0.9747
0.9783
0.9767
0.9827
0.9797
0.9768
0.9703
0.9703
0.9775
0.9687
0.978
0.974
0.9721
0.9713
0.9728
0.9782
0.9831
0.9743
0.9747
0.9726
0.9802
0.9805
0.971
0.9695
0.9855
0.9777
0.9723
0.9758
0.9687
0.9704
0.9729
0.9715
0.9739
0.9824
0.9688
0.9745
0.9757
0.9781
0.9765
0.9667
0.9675
0.9796
0.9736
0.9719
0.9855
0.9727
0.9756
0.9715
0.9709
0.9776
0.9706
0.9686
0.9721
0.9799
0.9809
0.975
0.9775
0.9744
0.9786
0.9787
0.9772
0.9788
0.9711
0.9752
0.9826
0.9738
0.975
0.9769
0.9748
0.968
0.9791
0.975
0.9682
0.9737
0.9846
0.9807
0.9675
0.9777
0.9651
0.9634
0.9826
0.9765
0.9863
0.9695
0.9748
0.9769
0.9804
0.9687
0.9673
0.9753
0.9738
0.973
0.9774
0.9653
0.9734
0.9745
0.992
0.9758
0.98
0.9662
0.9834
0.9826
0.9629
0.9758
0.9678
0.9718
0.9748
0.9778
0.9789
0.9758
0.9819
0.977
0.988
0.9709
0.9715
0.9794
0.9775
0.9869
0.9785
0.9716
0.966
0.976
0.9744
0.9746
0.9789
0.9749
0.9787
0.979
0.9661
0.9947
0.9778
0.973
0.9792
0.9783
0.9733
0.9765
0.9731
0.9781
0.9794
0.9836
0.9634
0.9791
0.9802
0.9722
0.966
0.9742
0.9908
0.9772
0.974
0.9698
0.9771
0.988
0.9824
0.979
0.9833
0.9675
0.9725
0.9827
0.9795
0.9691
0.9803
0.9689
0.9821
0.9772
0.9694
0.982
0.9823
0.979
0.9825
0.9756
0.9755
0.9743
0.9923
0.9776
0.9734
0.9718
0.9806
0.9812
0.9742
0.9687
0.9686
0.9758
0.9739
0.9814
0.9722
0.9759
0.9792
0.9805
0.9721
0.9676
0.9684
0.9768
0.982
0.9742
0.9759
0.9914
0.9744
0.9769
0.9753
0.9694
0.9821
0.9787
0.9726
0.9749
0.9735
0.9768
0.9771
0.9739
0.9753
0.9828
0.974
0.9706
0.975
0.9762
0.9772
0.9755
0.9754
0.9675
0.982
0.9822
0.9814
0.9799
0.974
0.9823
0.9707
0.9832
0.9662
0.9824
0.9659
0.9758
0.9819
0.9797
0.9804
0.9759
0.9754
0.9732
0.9876
0.9783
0.9744
0.9804
0.9693
0.9766
0.9784
0.9823
0.9667
0.9777
0.9703
0.9684
0.9726
0.9837
0.9748
0.974
0.9773
0.9846
0.9671
0.9762
0.9769
0.9903
0.9752
0.9759
0.9735
0.9747
0.9857
0.976
0.9778
0.9762
0.9796
0.9788
0.9709
0.9771
0.9717
0.9801
0.9706
0.9817
0.98
0.9855
0.9851
0.9657
0.9797
0.9783
0.9795
0.9726
0.9732
0.981
0.9833
0.9743
0.9711
0.9762
0.9784
0.9764
0.9788
0.9784
0.9879
0.9789
0.9857
0.9752
0.9749
0.9722
0.9794
0.9818
0.9918
0.9823
0.9795
0.9785
0.9724
0.9735
0.9748
0.9811
0.978
0.9814
0.9837
0.9745
0.9805
0.9816
0.99
0.9841
0.9816
0.9781
0.9838
0.9761
0.9853
0.9988
0.987
0.9824
0.9799
0.9715
0.9721
0.9833
0.973
0.9816
0.9793
0.9766
0.9767
0.973
0.9764
0.9751
0.9857
0.975
0.9844
0.9787
0.9783
0.9803
0.9743
0.9779
0.977
0.9699
0.9908
0.9821
0.9774
0.9798
0.9861
0.9808
0.9775
0.9789
0.9753
0.9787
0.9735
0.9731
0.974
0.9756
0.9801
0.9759
0.9791
0.9799
0.979
0.9862
0.9771
0.9751
0.9799
0.9771
0.9698
0.9765
0.9858
0.9734
0.9762
0.9784
0.9782
0.9705
0.9775
0.9846
0.9733
0.9709
0.9831
0.9788
0.9844
0.9805
0.9758
0.9769
0.9841
0.99
0.9755
0.9717
0.9762
0.9762
0.9817
0.9862
0.9732
0.9756
0.9847
0.994
0.9768
0.9774
0.9777
0.9785
0.9848
0.9769
0.9846
0.9808
0.9835
0.9727
0.9916
0.9875
0.9769
0.9865
0.978
0.9787
0.9713
0.9829
0.9831
0.98
0.9733
0.9791
0.9801
0.9845
0.986
0.9784
0.9668
0.9754
0.9926
0.9741
0.9755
0.9911
0.9751
0.9725
0.9697
0.972
0.9933
0.9767
0.9777
0.9869
0.9729
0.9711
0.9741
0.9769
0.9843
0.9947
0.982
0.9852
0.9827
0.9757
0.9769
0.9895
0.9775
0.9713
0.9729
0.9785
0.986
0.9866
0.9962
0.9729
0.9718
0.9824
0.9788
0.9919
0.9833
0.9798
0.9738
0.9829
0.9823
0.9701
0.9695
0.9778
0.9775
0.9766
0.9836
0.9759
0.98
0.9984
0.9711
0.9848
0.9761
0.9887
0.9787
0.9908
0.9715
0.9758
0.9796
0.977
0.9895
0.9703
0.98
0.9781
0.9835
0.9815
0.9737
0.9786
0.9806
0.9819
0.9826
0.9782
0.9836
0.9796
0.981
0.9782
0.9798
0.9822
0.9893
0.9765
0.9775
0.9827
0.9892
0.9785
0.9813
0.9811
0.978
0.9798
0.9825
0.9802
0.9795
0.9882
0.9749
0.9771
0.9818
0.9755
0.9784
0.9934
0.9959
0.9774
0.9884
0.9719
0.9829
0.9897
0.9881
0.9837
0.9782
0.9779
0.9738
0.9922
0.9749
0.9728
0.9784
0.9814
0.9688
0.9793
0.9773
0.9861
0.9838
0.9832
0.9757
0.9758
0.9796
0.9889
0.9717
0.9805
0.9745
0.9819
0.9854
0.977
0.9832
0.9865
0.9807
0.9881
0.9775
0.9851
0.9821
0.9797
0.9848
0.986
0.9913
0.9821
0.9844
0.9831
0.9702
0.9762
0.975
0.9848
0.9797
0.9833
0.9828
0.9846
0.9829
0.9816
0.9778
0.9924
0.9875
0.9762
0.9825
0.9742
0.9844
0.9947
0.9854
0.9852
0.9877
0.9902
0.9725
0.977
0.9794
0.9774
0.9878
0.9854
0.9852
0.9739
0.9837
0.9836
0.9842
0.9718
0.9823
0.9956
0.9922
0.9814
0.9856
0.978
0.9779
0.9825
0.9901
0.9794
0.9795
0.981
0.9871
0.9766
0.9817
0.9799
0.9772
0.9978
0.9807
0.9829
0.99
0.9834
0.9778
0.9827
0.9918
0.989
0.9745
0.9935
0.9854
0.9895
0.9827
0.9772
0.9865
0.9803
0.9783
0.9824
0.9759
0.9906
0.9871
0.9887
0.9873
0.9769
0.9864
0.9829
0.9856
0.9838
0.9859
0.9894
0.9848
0.9829
0.9868
0.9911
0.9833
0.9909
0.9837
0.9836
0.9823
0.9893
0.9884
0.9836
0.9801
0.977
0.9888
0.9817
0.98
0.9915
0.9857
0.9902
0.9884
0.9825
0.9886
0.9871
0.9771
0.9804
0.9855
0.9895
0.9764
0.9839
0.9722
0.9977
0.9832
0.9805
0.9845
0.9917
0.9842
0.9897
0.9722
0.9806
0.9957
0.9856
0.9837
0.9873
0.9878
0.983
0.9953
0.9838
0.9919
0.9843
1.0001
0.9737
0.9924
0.9845
0.9844
0.9747
1.0081
0.9873
0.9834
0.9857
0.9789
0.9717
0.9921
0.9816
0.9851
1.0021
0.9919
0.9781
0.9917
0.9832
0.9812
0.9917
0.9737
0.9841
0.9879
0.974
0.9824
0.9908
0.9965
0.9875
0.9823
0.9849
0.988
0.9853
0.9869
0.9787
0.9791
0.9966
0.978
0.9873
0.9932
0.9812
0.9821
0.9963
0.9811
0.9856
0.9798
0.9863
0.9805
0.9861
0.979
0.989
0.988
0.9921
0.9819
0.9834
0.9911
0.9773
0.9831
0.9918
0.9826
0.9898
0.9884
0.9836
0.9919
0.986
0.9876
0.9962
0.9954
0.9943
0.984
0.9824
0.9962
0.9931
0.988
0.9833
0.9801
0.988
0.981
0.9852
0.9897
0.9823
0.98
0.9847
0.9822
0.9781
0.9853
1.0001
0.9897
0.9938
0.9987
0.9973
0.9945
0.9879
0.9886
0.9843
0.9863
0.9781
0.9804
0.9794
0.989
0.9921
0.9895
0.9863
0.9797
0.9922
1.0015
0.9852
0.9901
0.982
0.9902
0.9805
0.9783
0.9932
0.9829
0.988
0.9789
0.9861
0.987
1.003
0.9801
0.9889
0.984
0.9801
0.9958
0.9852
0.9897
0.9894
0.9775
1.0082
0.9935
0.9816
0.982
0.9938
0.9928
0.9797
0.9876
0.9956
0.989
0.9902
0.9838
0.9944
0.9971
0.9844
0.9962
0.9833
0.9841
0.9904
0.9976
0.985
0.9789
0.9911
0.9954
0.986
0.985
0.9881
0.9865
0.9794
0.9897
0.9801
0.9901
0.9918
0.994
0.9858
0.9903
0.9935
0.9834
0.9841
0.9881
0.9905
0.9877
0.9841
0.9862
0.9851
0.976
0.9864
0.9834
0.9906
0.994
0.9865
0.9826
0.9882
0.9825
0.9986
0.9982
0.9835
0.9941
0.9865
0.9945
0.9862
0.989
0.9886
0.9808
0.9952
0.989
0.9937
0.9931
0.9888
0.9959
0.9915
0.9923
0.9935
0.9758
0.9927
0.994
0.9968
0.9866
0.9917
0.9955
0.9976
0.9909
0.9874
0.9829
0.9978
0.9933
0.9804
0.9766
0.9797
0.9908
0.9896
1.0091
0.9969
0.9905
0.988
0.9888
0.9894
0.9946
0.9811
0.9911
0.9811
0.9942
0.9955
0.9917
0.984
0.9882
0.9962
0.9889
0.9853
0.9901
0.973
0.9864
0.9824
0.9891
0.9985
0.9869
0.9886
0.9844
0.9891
0.9876
0.9909
0.9887
0.9979
0.9864
0.9899
0.9821
1.001
0.9996
0.9847
0.9906
0.9928
0.9869
0.9756
0.99
0.9881
0.9856
0.9928
0.9975
0.9904
0.9933
0.9842
0.984
0.9929
1.0027
0.9926
0.9821
0.9812
0.9939
0.9932
0.9939
0.9919
0.989
0.9879
0.9814
0.9953
0.9837
0.985
1.0011
0.9836
0.9883
1.0063
0.9913
0.9859
1.0081
1.0007
0.9876
1.008
0.9923
0.9969
0.9972
0.9924
0.9904
0.9903
0.9925
0.9902
0.9823
0.991
0.9894
0.9941
0.9919
0.9834
0.9818
0.9898
0.9892
0.9807
0.9892
0.9951
0.9902
1.0025
0.9909
0.9853
0.9898
0.991
0.9926
0.9888
0.9816
0.9812
0.9719
0.9899
0.9955
0.981
0.9902
0.9882
0.9863
1.0016
0.9963
0.9984
0.9809
0.9972
0.9786
0.9876
0.9972
0.9986
0.9919
0.9918
0.9907
0.9842
0.9783
0.9966
0.9922
0.9871
0.9918
0.9932
0.9923
0.9868
0.996
0.9968
0.9944
0.9769
0.9806
0.9965
0.9943
0.9835
0.9918
0.9949
0.9947
0.9952
0.9941
0.9946
0.9912
0.9891
0.9895
0.9855
0.9984
0.9973
0.9886
0.9829
0.9806
1.0005
0.9808
0.9869
0.9899
0.9831
0.9938
0.9955
0.9813
0.9853
1.0007
0.9912
0.9952
0.9907
1.0025
0.9854
0.9896
0.9828
0.9954
0.9861
0.9935
0.9951
1.0084
0.9896
0.9798
0.9992
0.9849
0.985
0.9913
0.9794
0.9841
0.9857
0.984
0.9975
0.9921
0.9906
0.9843
1.0036
0.9887
0.9932
0.9997
0.9937
1.0016
0.9804
0.9946
0.992
1.0025
0.9943
0.9967
0.9933
0.9873
0.9878
0.997
0.9809
0.9999
0.9892
1.0027
0.9918
0.9905
0.9951
0.9936
0.9964
0.9774
0.984
0.9947
0.9975
0.9874
0.9927
0.9958
0.9872
0.9991
0.991
1.0023
0.9854
0.9834
0.9973
0.9945
0.9972
0.9956
0.9852
0.9821
0.9836
0.9855
0.9849
0.9813
1.0011
0.9927
1.0045
0.9925
1.0008
0.9824
1.0085
0.9856
1.0018
0.998
0.9876
1.0017
0.9896
0.9936
0.9938
1.0037
0.9966
0.9985
0.9951
0.9953
0.9966
0.997
0.9972
0.9977
0.9869
0.9939
0.9942
0.9831
1.0057
0.9962
0.9957
0.9936
0.9989
1.0145
1.0059
0.9855
0.9953
0.9872
0.9846
0.9985
0.9863
0.9932
0.9901
0.9992
0.9857
0.9838
0.9946
0.9944
0.9896
1.003
0.9859
0.9903
0.9873
0.9836
0.9898
0.9833
1.0036
0.9905
0.9938
1.0076
0.9857
0.9957
0.9986
0.9943
1.0059
0.9982
0.9891
0.9937
0.9864
0.9962
0.9937
0.988
0.9942
0.9887
0.9971
0.9943
0.9937
0.9823
1.0019
0.9939
0.9942
0.9923
0.9975
1.0052
0.9908
0.9941
0.9999
0.983
0.9818
0.9972
0.9918
0.9882
0.9939
0.9883
1.0028
0.9999
0.9994
0.9925
0.9947
0.9922
0.9973
1.0097
0.9925
0.9896
1.0049
0.9885
0.9935
0.9938
0.9929
0.9983
0.9891
0.9989
0.9935
1.0004
0.9974
0.9881
0.9885
0.9952
0.9821
0.9995
0.9967
1.0005
1.0148
1.0006
1.003
0.9818
0.9961
0.9803
0.9999
1.009
0.9889
0.9801
1.0049
0.9837
0.9842
0.9819
0.9996
1.0037
0.988
0.9892
1.0023
1.0045
0.9958
0.993
1.0042
1.0022
1.0111
0.9948
1.0045
0.9888
1.0088
0.9815
0.9911
0.9994
0.9971
0.9763
1.0036
0.9787
0.9847
0.9963
0.9856
0.9948
0.9892
1.0006
0.9912
0.9993
0.9886
0.983
1.0118
1.0041
0.9887
0.9852
0.9876
1.0033
1.0048
1.0009
0.9892
0.9963
1.0058
1.0043
1.0074
1.0086
1.0006
0.9873
1.0058
0.9988
0.989
0.9966
0.9964
0.984
1.0029
1.0003
0.9908
1.0004
0.9955
1.0171
1.005
0.9918
0.9943
1.0022
0.9991
0.9934
0.9939
1.0
0.9916
0.9973
0.9936
0.9946
1.0138
0.9936
0.9972
1.0022
1.0003
1.0017
1.0148
0.9942
1.008
0.9898
0.9917
0.999
1.005
0.9922
0.9927
0.9874
0.998
0.9968
0.9999
1.0003
1.0043
0.9963
1.0003
1.0066
1.0015
0.9999
0.9886
0.9953
0.9936
0.9977
0.997
0.9965
1.0135
0.9933
0.9931
0.9891
0.995
1.0174
1.0023
0.9967
1.0145
0.9992
0.9969
1.0015
0.9949
1.0023
0.9975
0.9991
0.9906
0.9984
1.0047
0.9879
1.0162
0.994
0.992
0.9935
0.9891
0.9984
0.9907
1.0015
1.0034
0.9918
1.0092
1.0035
1.0026
1.0159
0.9976
0.9985
1.0048
0.9922
1.0015
1.0189
0.998
0.9832
0.9983
1.0056
0.9916
0.9999
0.9891
0.9986
0.9958
0.9986
0.9879
0.9969
1.0009
1.0144
0.9983
0.9923
0.9976
1.0026
1.0053
0.9989
0.996
0.9828
1.0019
1.0048
0.9979
1.0057
0.9985
0.9931
1.0016
1.0002
1.0021
0.9944
1.0014
0.9943
0.9906
1.0009
0.9968
0.9996
1.0013
0.9894
1.0274
0.9925
0.9895
1.0073
1.0091
0.9945
0.9978
0.9977
0.996
0.9994
0.997
0.9983
1.0009
1.0082
0.9964
0.9965
1.007
0.9929
1.0043
1.0017
0.997
0.9913
1.0086
0.9888
1.0073
0.9967
1.0113
1.0001
1.007
0.9867
0.9977
1.0088
1.0041
0.996
1.0041
1.0029
0.9911
1.0036
1.001
0.9993
0.9911
0.9957
1.0031
1.0046
1.001
1.0066
0.9989
0.9913
1.0084
1.0024
1.0024
1.0028
1.0031
1.0036
1.0007
0.9845
0.9984
1.0027
1.0028
1.0049
0.9969
1.0126
1.0026
1.0016
1.0104
1.0111
0.9933
1.0044
0.9983
0.995
1.0083
0.9983
1.0058
1.0036
0.992
1.012
0.9916
0.9854
1.0115
0.9898
1.004
1.0077
1.014
0.9897
1.015
1.0066
0.9988
1.0077
0.9882
0.992
1.011
1.0022
0.9955
1.0145
0.9991
0.997
0.9957
0.9975
1.007
1.0031
0.9901
0.9972
1.0037
0.993
1.0188
1.0021
1.0226
0.9919
1.0059
0.9981
1.0087
1.0073
0.9871
1.0031
1.0116
1.0112
1.0249
0.9996
0.9988
1.0105
0.9931
0.9916
1.012
1.0072
1.0001
1.0042
0.9974
1.0052
1.0061
1.0199
0.9977
0.9949
1.0001
1.0001
0.999
1.0054
1.0073
1.0106
1.0015
0.9941
0.9936
1.0056
1.0011
0.9882
1.0185
0.9864
0.9961
1.0101
1.0012
1.0094
1.0037
0.9976
0.9964
0.994
0.9969
0.9959
1.0169
1.0126
1.0087
1.0057
1.0051
1.0045
0.9969
1.0006
0.9922
1.0006
1.0069
1.0162
1.0015
0.9959
1.0097
0.9942
1.014
0.9962
0.9984
1.0082
1.0045
1.0069
1.0228
1.0017
0.9892
0.9972
0.9999
1.0054
0.9996
1.0146
1.0009
1.0079
1.0129
0.9921
1.0036
1.0104
1.0011
1.0047
1.002
1.0144
0.9983
1.0058
1.0006
1.013
1.0064
1.01
1.0029
0.9872
1.0066
1.0106
1.003
1.011
1.0168
1.0079
1.0026
1.0084
1.0071
1.0078
0.9982
1.0091
1.0138
1.0185
1.0169
1.0077
0.9993
0.9982
1.0141
1.011
1.0111
1.011
1.0065
0.9927
1.0056
1.0012
1.0047
0.9979
0.9977
1.0088
1.0075
1.0094
1.0105
0.9991
0.9986
1.0198
1.0013
1.0077
1.0125
1.0009
0.9953
1.0103
0.9965
1.0134
0.9882
1.004
1.0066
0.9977
1.0242
1.0117
1.0008
1.0124
1.0032
1.0142
1.0084
1.0038
1.0124
1.0094
0.9894
1.0018
1.0009
1.0125
1.0118
1.0039
0.9989
0.9986
1.0042
1.0051
1.0109
0.9975
0.9947
0.9955
1.0115
1.0046
1.0029
0.9995
0.9953
1.0148
1.0163
0.9958
1.0242
1.0147
1.0058
1.0101
1.0139
1.0079
1.002
1.0126
0.9996
0.9968
1.0039
1.0193
1.0191
1.0185
1.0212
1.0232
0.9987
1.0093
1.0013
0.9993
1.0091
1.0
1.0024
1.0125
1.0195
1.0131
1.0167
1.0143
1.0026
1.0023
1.0043
1.0127
0.9996
1.0134
1.0105
1.0203
1.0017
0.998
1.0237
1.0159
1.0025
1.0038
1.0075
1.0033
1.0022
0.9981
1.0053
1.0147
0.9957
1.0213
0.9956
1.007
0.9989
1.0023
1.0071
1.0091
1.0015
1.0089
1.0059
1.0097
1.0151
1.0038
1.0147
1.0078
1.0161
1.0093
1.0088
1.0132
0.9999
1.0235
1.0185
1.0047
0.9951
1.0083
1.0129
1.0032
1.0017
0.9948
1.0186
1.0018
1.0059
1.0002
1.0118
1.0113
1.0059
1.0102
1.0098
1.0133
1.0096
1.0026
1.018
1.0191
1.0083
0.9907
1.0003
1.0138
1.0066
1.0037
1.0109
1.0176
1.0043
1.0064
1.0192
1.0111
1.0091
1.0076
1.0171
0.9966
1.0107
1.0051
1.0045
1.0091
1.0018
1.0081
1.013
1.0115
1.0026
1.0017
1.0132
1.0044
1.0207
1.0045
1.0129
1.0036
1.0069
1.0127
1.0137
0.9974
1.0052
1.0093
1.0049
1.011
1.0174
1.0113
1.0185
1.0192
1.013
1.0139
0.9949
1.0254
1.0121
1.0035
1.0175
1.0131
1.0242
1.0067
1.0035
1.0216
1.0126
1.015
1.002
1.0123
1.0146
1.0057
1.0081
1.0169
0.9934
1.0053
1.0094
0.9897
1.0133
1.0108
1.0115
1.0229
1.0132
1.0082
1.0307
1.0049
1.0069
1.0068
1.0062
1.0152
1.0102
0.9979
1.0215
1.0157
1.0257
1.0137
1.0121
1.0073
1.0067
1.0246
1.0152
1.0097
1.0153
1.0087
0.9956
0.9994
1.0196
1.0136
1.0114
1.0047
1.0043
1.0259
1.0048
1.0016
1.0106
1.0091
1.0213
1.0097
1.0104
1.0187
1.0119
1.0002
1.0094
1.0163
1.0087
1.009
1.0032
1.0074
1.0181
1.0079
1.0191
1.0175
1.0123
1.0007
1.0204
1.0067
1.0145
1.008
1.0123
1.0142
1.0093
1.0261
1.0255
1.0023
1.0125
1.0332
1.0013
1.0013
1.0069
1.026
1.0004
1.0099
1.0034
1.0267
1.0145
1.0174
1.0043
1.0166
1.013
1.0187
1.0128
1.0048
1.0384
1.0064
1.0146
1.0171
1.0204
1.0167
1.0309
1.0
1.038
1.0079
0.993
0.998
1.005
1.0159
1.0247
1.0039
1.0003
1.0231
1.0142
1.0049
1.0133
1.0057
1.0135
1.0152
1.0032
1.0011
1.0189
1.0248
1.0081
1.0149
1.0131
1.0092
1.0135
1.0018
1.0219
1.019
1.0273
1.0196
1.0203
1.0145
1.0346
1.0151
1.022
1.0054
1.0107
1.0274
1.0259
1.0088
1.0329
1.013
0.9998
1.0027
1.0143
1.0137
1.0043
1.0097
1.0145
1.019
1.0056
1.0136
1.0109
1.0022
1.0271
1.0213
1.0112
1.0028
1.0079
1.0283
1.0052
1.0012
1.0051
1.0157
1.0286
1.0181
1.0226
1.0075
1.0138
1.0306
1.0058
1.0183
1.017
1.0113
1.0218
1.0134
1.0166
1.0017
1.018
1.0174
1.026
1.0165
1.0058
1.0118
1.0088
1.0079
1.0223
1.0119
1.0194
1.0248
1.0159
1.0191
1.0123
1.0239
1.0102
1.0067
1.0021
1.0057
1.013
1.0296
1.0141
1.016
1.0184
1.024
1.0102
1.0238
1.0137
1.0003
1.0197
1.01
1.008
1.013
1.0028
1.0384
1.0046
1.0153
1.0125
1.0145
1.0044
1.0108
1.0226
1.0215
1.0038
1.0057
1.0179
1.0126
1.0069
1.0323
1.0213
1.0108
1.0096
1.0178
1.0055
1.0033
1.0284
1.0298
1.0153
0.9985
1.0368
1.0232
1.0334
1.0211
1.0248
1.0178
1.0198
1.011
0.9971
1.0243
1.0079
1.016
0.9977
1.0214
1.0214
1.0127
1.0119
1.0163
1.0148
1.027
1.0332
1.0132
1.0172
1.026
0.998
1.0152
1.0156
1.0342
1.0213
1.0059
1.0172
1.0162
1.0172
1.0217
0.9951
1.0369
1.0214
1.0094
1.029
1.017
1.0138
1.0277
1.0182
1.0247
1.0224
1.0087
1.0125
1.0228
1.0084
1.0302
1.0177
1.012
1.0085
1.0193
1.0218
1.0004
1.013
1.0111
1.0198
1.0244
1.0086
1.0294
1.0422
1.0336
1.0331
1.0003
1.0115
1.0189
1.0274
1.0116
1.0191
1.0137
1.0217
1.0091
1.0221
1.0193
1.0067
1.0481
1.014
1.0011
1.0117
1.0258
1.0244
1.0194
1.0089
1.0243
1.0248
1.0243
1.0252
1.0173
1.0074
1.0126
1.0247
1.0176
1.0147
1.029
1.0149
1.0345
1.0038
1.0053
1.0199
1.0261
1.0177
1.0272
1.0091
1.0131
1.0033
1.0236
1.0258
1.0172
1.028
0.9993
1.0335
1.0164
1.0414
1.0074
1.0394
1.0204
1.0387
1.0154
1.0268
1.0126
1.0098
1.0332
1.0261
1.0214
1.009
1.0171
1.0058
1.0108
1.0186
1.0215
1.0232
1.019
1.0456
1.0389
1.03
1.0076
1.0097
1.0202
1.018
1.0275
1.0026
1.0158
1.0118
1.0237
1.0189
1.0199
1.0173
1.0186
1.0208
1.0134
1.0017
1.0006
1.0248
1.0289
1.013
1.0241
1.0283
1.0197
1.0158
1.0113
1.0177
1.0155
1.0307
1.0176
1.0024
1.028
1.0176
1.0289
1.0332
1.0226
1.0388
1.0515
1.025
1.0301
1.0058
1.0183
1.0024
1.015
1.0062
1.0214
1.0325
1.034
1.0075
1.0198
1.0051
1.0171
1.0247
1.0188
1.0366
1.0139
1.0171
1.0227
1.0267
0.9965
1.0217
1.0195
1.0408
1.025
1.0291
1.0135
1.023
1.0216
1.0176
1.0198
1.0237
1.0431
1.0317
1.0195
1.0138
1.0131
1.0307
1.0008
1.0128
1.032
1.0344
1.0279
1.024
1.0241
1.0371
1.0283
1.0187
1.0253
1.0188
1.0148
1.0155
1.0201
1.0327
1.0186
1.0319
1.014
1.0389
1.0161
1.0222
1.0175
1.0239
1.0019
1.0261
1.0276
1.0257
1.0168
1.0365
1.0377
1.0258
1.032
1.007
1.0249
1.0228
1.0085
1.0232
1.0175
1.0168
1.03
1.0256
1.0201
1.0298
1.0183
1.0382
1.0401
1.0114
1.028
1.026
1.0225
1.0087
1.024
1.0186
1.0065
1.0348
1.0237
1.0165
1.029
1.0244
1.0097
1.0227
1.033
1.0361
1.0092
1.0104
1.0342
1.0277
1.0339
1.028
1.0495
1.0312
1.0205
1.0103
1.0226
1.0318
1.0206
1.0403
1.0491
1.0247
1.0176
1.0328
1.0157
1.0113
1.0124
1.023
1.0307
1.0224
1.0126
1.0468
1.0158
1.034
1.0202
1.0299
1.0359
1.0107
1.0197
1.0298
1.0206
1.0288
1.0247
1.0188
1.0193
1.0218
1.041
1.0112
1.0326
1.0365
1.0409
1.0182
1.0342
1.0293
1.0151
1.0251
1.0378
1.0255
1.0309
1.011
1.0289
1.0138
1.0184
1.0305
1.0109
1.0261
1.0186
1.0069
1.0324
1.027
1.0273
1.0337
1.0265
1.0502
1.0169
1.0298
1.0442
1.0267
1.0263
1.0296
1.0349
1.0116
1.0018
1.0101
1.029
1.0308
1.011
1.0153
1.029
1.0455
1.0299
1.0637
1.0236
1.0187
1.0312
1.017
1.033
1.0403
1.0174
1.0487
1.0301
1.028
1.0371
1.0417
1.031
1.0273
1.0247
1.0341
1.0261
1.0286
1.0324
1.0416
1.0248
1.0128
1.0251
1.0574
1.0173
1.0134
1.0463
1.0231
1.0267
1.0246
1.0337
1.0335
1.0193
1.022
1.0157
1.031
1.02
1.0275
1.0271
1.0297
1.0287
1.0279
1.0335
1.0135
1.0147
1.021
1.0302
1.0499
1.027
1.03
1.0361
1.0348
1.0423
1.036
1.0353
1.0328
1.0155
1.03
1.0214
1.0517
1.0253
1.0401
1.0272
1.0264
1.0255
1.0232
1.0254
1.0358
1.0201
1.0202
1.0286
1.0317
1.0093
1.0339
1.007
1.0156
1.0364
1.0249
1.0351
1.0511
1.0235
1.0321
1.0412
1.0323
1.016
1.042
1.0412
1.032
1.0343
1.0237
1.0458
1.0443
1.0228
1.031
1.0261
1.0221
1.0324
1.051
1.0293
0.9997
1.0216
1.0496
1.0219
1.0659
1.0234
1.0425
1.0453
1.0351
1.0224
1.0194
1.0382
1.0134
1.0498
1.023
1.0308
1.0417
1.0394
1.0208
1.048
1.0226
1.0448
1.0439
1.0297
1.0429
1.03
1.0421
1.0447
1.0162
1.0299
1.0346
1.0238
1.0339
1.0216
1.0292
1.0266
1.009
1.0325
1.0344
1.0145
1.0231
1.0368
1.0181
1.0328
1.0156
1.0117
1.0522
1.021
1.0454
1.023
1.012
1.0308
1.0329
1.0267
1.0526
1.0389
1.0261
1.0259
1.0437
1.0383
1.0348
1.0335
1.0345
1.0138
1.043
1.0319
1.0389
1.0363
1.041
1.0445
1.0314
1.0434
1.0331
1.0178
1.0336
1.039
1.0344
1.0166
1.0299
1.0218
1.0297
1.0263
1.0222
1.0365
1.036
1.0152
1.046
1.0305
1.0425
1.0469
1.025
1.0531
1.0272
1.0399
1.0445
1.0328
1.0318
1.0437
1.0258
1.0358
1.019
1.0405
1.0435
1.0262
1.0424
1.041
1.0395
1.0283
1.0407
1.036
1.0343
1.0355
1.0316
1.0466
1.0457
1.0382
1.0221
1.026
1.0174
1.0386
1.0313
1.0489
1.0292
1.0155
1.0303
1.0253
1.0357
1.0513
1.0311
1.0207
1.033
1.0245
1.0547
1.0565
1.0417
1.028
1.0451
1.0432
1.045
1.0314
1.0304
1.0421
1.0399
1.0392
1.0526
1.0475
1.0381
1.0386
1.0432
1.0255
1.0463
1.0446
1.0554
1.0353
1.0304
1.0316
1.0331
1.0323
1.0478
1.0484
1.043
1.0664
1.0396
1.0292
1.0392
1.0362
1.0401
1.0298
1.05
1.0455
1.0612
1.0275
1.0331
1.0307
1.0331
1.0495
1.0358
1.062
1.0348
1.0516
1.0196
1.0181
1.0431
1.0405
1.0392
1.0352
1.0245
1.0501
1.0409
1.0571
1.0427
1.0138
1.0241
1.0145
1.0274
1.0467
1.0448
1.0482
1.0621
1.0415
1.0247
1.0314
1.059
1.0372
1.0434
1.0387
1.0333
1.0512
1.0226
1.0618
1.0442
1.0527
1.0183
1.0368
1.0392
1.0271
1.0483
1.0267
1.0218
1.0317
1.0457
1.0458
1.0384
1.0323
1.0473
1.03
1.031
1.0375
1.0554
1.039
1.0331
1.0398
1.0226
1.0292
1.0383
1.032
1.0658
1.056
1.0411
1.0335
1.0531
1.0411
1.0485
1.0327
1.0596
1.0348
1.0314
1.0307
1.042
1.0188
1.0549
1.0368
1.0257
1.0626
1.0568
1.031
1.0241
1.037
1.056
1.0432
1.0548
1.0386
1.0305
1.0309
1.0436
1.0431
1.0296
1.0382
1.0455
1.0239
1.0309
1.0526
1.0355
1.0419
1.0486
1.0368
1.023
1.0354
1.0418
1.0415
1.0155
1.0431
1.036
1.0462
1.0523
1.0425
1.0377
1.0324
1.0466
1.0377
1.0167
1.0329
1.037
1.0306
1.032
1.0456
1.0336
1.0435
1.0321
1.0503
1.0292
1.0391
1.0392
1.0566
1.0463
1.0474
1.0398
1.0363
1.0241
1.0277
1.0392
1.0359
1.0567
1.0415
1.0614
1.0576
1.0406
1.0223
1.0402
1.0474
1.0487
1.0344
1.0265
1.0426
1.0527
1.042
1.0396
1.0425
1.0258
1.0583
1.0187
1.0565
1.0314
1.0568
1.0609
1.0291
1.0519
1.0535
1.0465
1.046
1.0292
1.0428
1.0286
1.0437
1.0355
1.0394
1.0356
1.0332
1.0431
1.0372
1.0646
1.0253
1.0103
1.0485
1.0346
1.03
1.0429
1.0317
1.0387
1.023
1.0498
1.0391
1.0385
1.0441
1.0475
1.0514
1.0493
1.0515
1.0509
1.0431
1.0633
1.051
1.0384
1.0655
1.0153
1.0295
1.0446
1.044
1.0529
1.0424
1.0396
1.0391
1.0522
1.0184
1.044
1.0398
1.0287
1.0283
1.0491
1.0524
1.0453
1.0397
1.0365
1.0496
1.0504
1.0658
1.0677
1.0534
1.0406
1.0349
1.0415
1.0403
1.0421
1.0409
1.0561
1.0498
1.0391
1.0427
1.0437
1.0421
1.0399
1.03
1.0291
1.0317
1.0306
1.0435
1.0384
1.0492
1.0619
1.0476
1.0497
1.0226
1.0474
1.0415
1.0384
1.0417
1.05
1.0278
1.0356
1.043
1.0472
1.0352
1.0496
1.0557
1.0554
1.0633
1.0289
1.0579
1.0555
1.0671
1.0427
1.0241
1.0291
1.0546
1.028
1.0321
1.0602
1.0359
1.0432
1.0365
1.0306
1.0281
1.0282
1.0489
1.0519
1.0194
1.0466
1.033
1.0251
1.0468
1.0494
1.0627
1.0498
1.0345
1.0611
1.0571
1.0438
1.052
1.0493
1.0406
1.0595
1.0311
1.0718
1.0488
1.0484
1.077
1.0702
1.0319
1.0251
1.0435
1.0508
1.0459
1.0421
1.0352
1.04
1.0286
1.0753
1.0407
1.0485
1.036
1.0417
1.0401
1.0559
1.0388
1.0454
1.0232
1.0588
1.0564
1.0574
1.0548
1.0322
1.0496
1.0412
1.0362
1.0423
1.0532
1.0635
1.0705
1.0395
1.0299
1.0335
1.0417
1.0527
1.0622
1.0662
1.0503
1.0606
1.0409
1.0459
1.0431
1.0345
1.0213
1.0502
1.0499
1.061
1.0607
1.0462
1.0604
1.0486
1.0525
1.0383
1.0759
1.035
1.0592
1.0446
1.0578
1.0654
1.0561
1.0507
1.0494
1.0528
1.0586
1.0393
1.0474
1.0536
1.0326
1.0525
1.0271
1.0696
1.0361
1.0426
1.0593
1.0437
1.0607
1.0547
1.0406
1.0478
1.0627
1.0491
1.0483
1.0529
1.0412
1.0457
1.0721
1.0698
1.0505
1.0558
1.0403
1.036
1.0366
1.063
1.0619
1.0536
1.0522
1.0505
1.0462
1.0409
1.0658
1.0576
1.046
1.0649
1.0473
1.0572
1.0526
1.0356
1.0504
1.0517
1.0468
1.0398
1.0627
1.0351
1.0324
1.0795
1.0724
1.051
1.0454
1.0614
1.0377
1.0298
1.0578
1.0387
1.0422
1.0522
1.0457
1.0597
1.0389
1.0428
1.0512
1.0397
1.0309
1.055
1.0697
1.058
1.0546
1.052
1.0332
1.0693
1.0573
1.0487
1.0391
1.0403
1.064
1.0305
1.0503
1.0699
1.0722
1.0404
1.0912
1.0462
1.0405
1.0585
1.0385
1.0366
1.0394
1.0682
1.0614
1.0445
1.0427
1.0556
1.0459
1.0489
1.0501
1.0441
1.0465
1.0623
1.0539
1.0563
1.0388
1.0567
1.0476
1.034
1.0536
1.0593
1.0522
1.0723
1.0464
1.0641
1.0673
1.0494
1.0358
1.0531
1.0429
1.0676
1.0363
1.048
1.0768
1.0522
1.0533
1.0459
1.0346
1.0579
1.0513
1.0582
1.0638
1.0489
1.0413
1.0635
1.0582
1.0639
1.0463
1.0516
1.0816
1.0481
1.0827
1.0413
1.0484
1.0647
1.0592
1.0474
1.0552
1.0327
1.0556
1.0352
1.0424
1.0715
1.0594
1.0765
1.0439
1.0411
1.062
1.0428
1.0591
1.0553
1.0561
1.0866
1.0585
1.0603
1.0509
1.0595
1.0485
1.0429
1.0518
1.043
1.0696
1.0488
1.0406
1.0729
1.0459
1.036
1.0499
1.067
1.0387
1.0706
1.0562
1.0284
1.0525
1.0573
1.0451
1.0325
1.0477
1.0524
1.0507
1.0752
1.0411
1.0576
1.0481
1.0544
1.0686
1.035
1.0753
1.0482
1.0462
1.0503
1.0657
1.0755
1.0528
1.0665
1.0566
1.0601
1.0814
1.0387
1.0569
1.0613
1.0792
1.0647
1.0456
1.0573
1.046
1.0458
1.0263
1.0664
1.0486
1.0663
1.0449
1.0578
1.042
1.0344
1.0693
1.0495
1.0382
1.0491
1.0608
1.0818
1.0589
1.0473
1.0746
1.0456
1.0401
1.0626
1.0604
1.0439
1.042
1.0743
1.0793
1.0582
1.0454
1.057
1.057
1.0574
1.0798
1.0615
1.0514
1.0431
1.0619
1.042
1.0727
1.067
1.0649
1.053
1.0379
1.0415
1.0581
1.0578
1.0649
1.0544
1.0759
1.0466
1.0678
1.0564
1.0432
1.0567
1.0688
1.0466
1.0548
1.0803
1.055
1.0751
1.0608
1.0602
1.0776
1.0611
1.0512
1.068
1.078
1.0563
1.0443
1.061
1.066
1.0609
1.0708
1.0406
1.0537
1.0554
1.0907
1.0765
1.0612
1.0485
1.0651
1.0525
1.0569
1.0276
1.0559
1.0652
1.0477
1.0431
1.0566
1.0564
1.0695
1.085
1.0474
1.0788
1.0685
1.0457
1.0513
1.0663
1.0586
1.0456
1.0673
1.0447
1.0884
1.051
1.0555
1.0715
1.0645
1.0717
1.0713
1.0612
1.0496
1.0868
1.077
1.0481
1.0629
1.0487
1.0676
1.0542
1.0604
1.045
1.0569
1.0546
1.0533
1.049
1.0578
1.057
1.0363
1.0766
1.0672
1.0752
1.0572
1.0561
1.0603
1.0636
1.0738
1.0694
1.0783
1.0774
1.052
1.0596
1.0657
1.0626
1.0429
1.0519
1.0775
1.0676
1.0351
1.0604
1.0716
1.0589
1.0672
1.0573
1.0556
1.0675
1.0566
1.0718
1.0632
1.0751
1.0477
1.0539
1.068
1.0645
1.0463
1.0654
1.0734
1.087
1.0564
1.0634
1.0662
1.0681
1.0641
1.055
1.0562
1.0442
1.0838
1.0735
1.0667
1.0609
1.0547
1.0525
1.0446
1.0521
1.0437
1.0614
1.0629
1.074
1.0466
1.0685
1.0692
1.0504
1.0564
1.0643
1.0763
1.0467
1.0833
1.084
1.0741
1.0668
1.1057
1.0668
1.0697
1.0349
1.0607
1.0732
1.0533
1.0552
1.0494
1.0607
1.062
1.0684
1.0748
1.0705
1.0403
1.0734
1.0777
1.0588
1.0493
1.0531
1.0526
1.0513
1.0714
1.0592
1.0808
1.0545
1.0492
1.0671
1.0561
1.073
1.0808
1.0835
1.0738
1.0651
1.0541
1.0772
1.0879
1.0703
1.0541
1.0746
1.0784
1.0684
1.0611
1.0549
1.0414
1.0618
1.0506
1.0846
1.0487
1.0767
1.0603
1.0734
1.0737
1.0572
1.0752
1.0626
1.06
1.0605
1.1142
1.0522
1.0528
1.0577
1.056
1.0779
1.042
1.0825
1.0757
1.0706
1.0613
1.0812
1.0517
1.0426
1.065
1.0546
1.0672
1.0671
1.0586
1.0601
1.0649
1.0639
1.0646
1.0901
1.079
1.0943
1.0594
1.0767
1.0443
1.0764
1.0694
1.0434
1.0722
1.0937
1.0851
1.089
1.071
1.0725
1.0963
1.0803
1.075
1.0753
1.0684
1.0791
1.077
1.0593
1.0674
1.0649
1.0808
1.0658
1.0803
1.0452
1.0834
1.0617
1.055
1.0886
1.0763
1.0781
1.0952
1.091
1.0524
1.0596
1.0674
1.067
1.0889
1.0556
1.0685
1.0638
1.0843
1.0748
1.0772
1.0745
1.0587
1.061
1.0576
1.0761
1.0604
1.0707
1.0816
1.0692
1.0445
1.056
1.0761
1.0993
1.0743
1.0797
1.0841
1.0508
1.0706
1.087
1.0631
1.06
1.0667
1.0746
1.0828
1.0688
1.0754
1.0835
1.0748
1.0665
1.0579
1.074
1.0418
1.0713
1.0905
1.0695
1.0655
1.0832
1.0752
1.0671
1.0706
1.0712
1.0606
1.087
1.0676
1.0945
1.056
1.0607
1.0832
1.0543
1.0882
1.0776
1.0729
1.0854
1.0758
1.077
1.0552
1.0439
1.0941
1.0768
1.0373
1.0603
1.0806
1.1047
1.076
1.0512
1.0827
1.0864
1.0596
1.0779
1.0669
1.0744
1.0798
1.0854
1.0744
1.0542
1.0501
1.0682
1.058
1.0736
1.0771
1.095
1.0647
1.0577
1.0782
1.0831
1.0795
1.0667
1.0725
1.0964
1.1328
1.121
1.0628
1.0653
1.0739
1.0838
1.0554
1.0507
1.0334
1.1037
1.0686
1.0819
1.0758
1.0644
1.0646
1.0567
1.0524
1.0923
1.0715
1.0788
1.0878
1.0578
1.0814
1.0477
1.0724
1.0829
1.0722
1.0827
1.0759
1.1061
1.0772
1.0843
1.0676
1.0861
1.0601
1.0866
1.087
1.0521
1.1176
1.0713
1.0643
1.0786
1.1163
1.0499
1.0549
1.0656
1.0644
1.0774
1.0694
1.08
1.0598
1.0626
1.067
1.0999
1.0706
1.0952
1.0802
1.0569
1.075
1.0655
1.0755
1.0684
1.0869
1.089
1.0499
1.0834
1.0942
1.065
1.0895
1.0871
1.0833
1.0761
1.061
1.0694
1.0771
1.0761
1.0886
1.0981
1.1124
1.0644
1.0795
1.0666
1.0926
1.0817
1.0614
1.0741
1.0617
1.0927
1.0494
1.0749
1.0647
1.0542
1.0757
1.0718
1.0804
1.0661
1.0898
1.0862
1.0973
1.0856
1.0899
1.0781
1.0614
1.0886
1.1026
1.0831
1.0806
1.0865
1.0741
1.0798
1.0455
1.0807
1.0957
1.0825
1.0678
1.0683
1.0746
1.0782
1.0624
1.0827
1.0689
1.077
1.0767
1.0536
1.0763
1.0909
1.0647
1.0908
1.0764
1.0839
1.061
1.1146
1.0785
1.095
1.0794
1.0737
1.082
1.068
1.0792
1.0669
1.06
1.0814
1.0804
1.0888
1.1157
1.0832
1.0663
1.0668
1.0861
1.0649
1.078
1.062
1.0955
1.0806
1.0567
1.0758
1.0581
1.0982
1.0631
1.0787
1.1068
1.0923
1.0803
1.0867
1.0797
1.081
1.0582
1.0874
1.0674
1.0855
1.0959
1.0826
1.1086
1.0845
1.0644
1.0967
1.0853
1.0652
1.0698
1.1092
1.0699
1.0899
1.1061
1.0661
1.1048
1.0769
1.1036
1.0871
1.0934
1.0711
1.1091
1.0757
1.0852
1.0901
1.0928
1.0712
1.0869
1.0897
1.0891
1.0845
1.0655
1.0694
1.0805
1.0773
1.0767
1.0675
1.0887
1.1065
1.0846
1.0719
1.0845
1.0763
1.0851
1.0961
1.0719
1.0932
1.0931
1.0594
1.0937
1.1226
1.0776
1.0832
1.0818
1.076
1.0787
1.0716
1.0829
1.1053
1.0906
1.088
1.0851
1.0769
1.087
1.0887
1.0971
1.096
1.079
1.1065
1.1072
1.084
1.1394
1.1179
1.0982
1.0926
1.0772
1.0839
1.0778
1.1031
1.0836
1.1075
1.0891
1.0798
1.0761
1.1097
1.0724
1.0693
1.0907
1.0856
1.1087
1.1045
1.0873
1.0784
1.082
1.0668
1.0507
1.0803
1.0864
1.105
1.0781
1.1029
1.0937
1.081
1.0823
1.1061
1.0903
1.1105
1.058
1.0723
1.0891
1.0763
1.0781
1.0834
1.0883
1.0911
1.0848
1.068
1.0933
1.1175
1.056
1.1036
1.0902
1.1191
1.0947
1.0686
1.0581
1.0878
1.0974
1.0549
1.0954
1.083
1.0995
1.1087
1.0586
1.0786
1.1026
1.096
1.0669
1.1112
1.0669
1.0717
1.0699
1.1023
1.1012
1.107
1.0787
1.0991
1.0653
1.0954
1.0671
1.0813
1.1058
1.0765
1.0945
1.1113
1.1016
1.067
1.0698
1.0706
1.1127
1.0642
1.107
1.0773
1.0865
1.0719
1.0939
1.0942
1.083
1.0708
1.0772
1.0754
1.0631
1.129
1.0813
1.0725
1.0732
1.1039
1.0844
1.075
1.0803
1.075
1.08
1.1025
1.1144
1.0858
1.0622
1.0885
1.1054
1.0919
1.0793
1.0777
1.0799
1.086
1.1033
1.0835
1.1185
1.0914
1.0873
1.07
1.0963
1.0874
1.1058
1.1098
1.0771
1.0828
1.0953
1.0862
1.1101
1.0935
1.0752
1.0888
1.091
1.0737
1.0759
1.0886
1.0743
1.1001
1.0915
1.0992
1.095
1.1005
1.0938
1.0823
1.0916
1.1179
1.1076
1.1129
1.0982
1.0836
1.0984
1.1054
1.0896
1.0712
1.0903
1.104
1.0629
1.0835
1.0821
1.1009
1.0905
1.1044
1.0861
1.0751
1.1072
1.0854
1.0839
1.108
1.1063
1.0658
1.0815
1.0876
1.0994
1.0707
1.0833
1.0893
1.1078
1.1134
1.0859
1.0954
1.0915
1.0981
1.0803
1.0905
1.1118
1.1313
1.0721
1.0831
1.076
1.0854
1.0868
1.0792
1.0812
1.0966
1.0934
1.107
1.1039
1.1017
1.1001
1.073
1.0735
1.1232
1.1011
1.0757
1.0912
1.0823
1.0892
1.0948
1.0818
1.1142
1.1034
1.1096
1.1017
1.0936
1.1016
1.0938
1.1192
1.1012
1.0709
1.1036
1.0962
1.1126
1.0892
1.0933
1.1094
1.1129
1.0769
1.0836
1.0905
1.0996
1.1075
1.0993
1.0873
1.1171
1.0651
1.0748
1.1002
1.1034
1.1073
1.066
1.1251
1.0898
1.0788
1.0852
1.0726
1.0785
1.1049
1.1091
1.1171
1.0665
1.0969
1.0639
1.0879
1.0846
1.0881
1.0791
1.0899
1.0916
1.0858
1.1108
1.0909
1.1
1.0838
1.0891
1.1034
1.105
1.1127
1.0883
1.0895
1.0628
1.1031
1.0875
1.0987
1.0692
1.0951
1.0978
1.0985
1.0684
1.083
1.0972
1.0971
1.1015
1.0797
1.0969
1.0858
1.0842
1.0916
1.1018
1.1051
1.0793
1.0973
1.1076
1.0856
1.0935
1.0905
1.0949
1.1143
1.0931
1.0921
1.0835
1.0827
1.1076
1.0882
1.0772
1.0993
1.0963
1.1034
1.104
1.1042
1.095
1.0657
1.096
1.0929
1.1111
1.1132
1.1085
1.1015
1.1318
1.0916
1.0843
1.1064
1.1005
1.1059
1.094
1.0835
1.1235
1.1099
1.0854
1.0974
1.0952
1.1005
1.0868
1.0826
1.0866
1.0967
1.1136
1.0864
1.1224
1.0933
1.0891
1.1131
1.1147
1.0902
1.1354
1.1123
1.1028
1.0988
1.109
1.0754
1.1113
1.1089
1.1272
1.1002
1.1219
1.0957
1.1092
1.0851
1.1183
1.1035
1.1059
1.086
1.1088
1.1267
1.116
1.0756
1.1219
1.0851
1.0911
1.1306
1.0744
1.0957
1.1021
1.1115
1.1145
1.1216
1.095
1.116
1.1161
1.0887
1.1084
1.0996
1.1032
1.0732
1.1076
1.0961
1.152
1.1201
1.0915
1.0791
1.1025
1.0823
1.0906
1.1028
1.0995
1.1038
1.088
1.1101
1.0793
1.1162
1.1227
1.1058
1.0991
1.1279
1.0959
1.0867
1.1121
1.0704
1.1233
1.1098
1.0754
1.1162
1.1108
1.0931
1.0838
1.1163
1.1076
1.1015
1.135
1.1269
1.1165
1.1199
1.1171
1.1255
1.1271
1.1132
1.1344
1.0984
1.1227
1.093
1.1175
1.1085
1.0965
1.0908
1.1044
1.1016
1.0945
1.1378
1.1052
1.126
1.0773
1.1063
1.1147
1.0876
1.1106
1.0943
1.0953
1.0902
1.0899
1.1093
1.1223
1.1015
1.1151
1.1025
1.0864
1.0989
1.1015
1.1107
1.0991
1.1197
1.0961
1.1127
1.1073
1.0834
1.1229
1.1076
1.1202
1.1061
1.1087
1.1317
1.115
1.1208
1.124
1.1148
1.0869
1.1042
1.11
1.1041
1.1022
1.1046
1.0887
1.1098
1.0997
1.0997
1.1051
1.0819
1.1343
1.0862
1.1246
1.1571
1.1217
1.0874
1.1053
1.1259
1.088
1.1206
1.1056
1.0857
1.0996
1.1107
1.0902
1.1262
1.1006
1.0766
1.1177
1.1261
1.1035
1.1566
1.0951
1.1058
1.0877
1.1337
1.1033
1.1041
1.1173
1.0851
1.1109
1.1267
1.125
1.1287
1.1167
1.0905
1.1437
1.0839
1.1224
1.1227
1.1272
1.1169
1.1396
1.1169
1.1017
1.0879
1.1227
1.0746
1.1307
1.103
1.12
1.1086
1.1139
1.1276
1.1
1.0972
1.0886
1.1273
1.0907
1.1003
1.114
1.1046
1.1056
1.1406
1.0931
1.1076
1.1136
1.1181
1.1135
1.1267
1.1261
1.1215
1.1455
1.084
1.096
1.1035
1.098
1.1056
1.1194
1.1386
1.098
1.1076
1.1364
1.1105
1.1084
1.102
1.1057
1.0964
1.1118
1.0967
1.0968
1.1152
1.1286
1.0825
1.0944
1.106
1.1458
1.1026
1.0864
1.1402
1.1132
1.1269
1.0832
1.1239
1.1165
1.1075
1.12
1.1013
1.1202
1.1061
1.1407
1.1191
1.1252
1.1256
1.1511
1.1067
1.1061
1.103
1.0879
1.1116
1.0995
1.0811
1.1176
1.1241
1.0842
1.1338
1.1324
1.1242
1.1151
1.1062
1.1053
1.093
1.1217
1.1193
1.1486
1.1289
1.0857
1.129
1.1251
1.1344
1.0971
1.1078
1.1325
1.1007
1.1114
1.1093
1.1114
1.1337
1.1068
1.1068
1.1021
1.1094
1.135
1.125
1.1377
1.098
1.0986
1.1277
1.1149
1.1015
1.13
1.0971
1.1257
1.1078
1.0974
1.1156
1.1109
1.0866
1.0929
1.1022
1.1105
1.1265
1.1122
1.1159
1.1373
1.1109
1.1168
1.1503
1.1522
1.1133
1.0939
1.0944
1.1067
1.1555
1.1258
1.1204
1.1285
1.1309
1.1044
1.0988
1.123
1.1142
1.128
1.1073
1.1109
1.1405
1.1223
1.1052
1.1035
1.1543
1.132
1.1165
1.1129
1.1054
1.1077
1.1138
1.1169
1.1251
1.1183
1.1281
1.1381
1.1088
1.1073
1.1042
1.12
1.1119
1.1198
1.1067
1.1117
1.1247
1.0994
1.138
1.0905
1.1082
1.1577
1.1077
1.1123
1.1158
1.1061
1.1316
1.142
1.1141
1.1067
1.1178
1.1082
1.1387
1.1178
1.115
1.1414
1.1313
1.1286
1.1136
1.0978
1.1289
1.1167
1.1223
1.1121
1.1286
1.1188
1.1103
1.1412
1.1108
1.1146
1.0923
1.1063
1.1139
1.1387
1.1299
1.1357
1.121
1.1169
1.1166
1.1204
1.1189
1.1376
1.1057
1.0941
1.0987
1.0992
1.1535
1.1342
1.1329
1.1158
1.1034
1.116
1.1348
1.1229
1.1167
1.1084
1.1115
1.1343
1.1008
1.1011
1.1065
1.1155
1.0974
1.1279
1.1141
1.1473
1.1132
1.1033
1.1261
1.1053
1.1097
1.1199
1.1447
1.101
1.1127
1.1111
1.1213
1.1422
1.1187
1.1514
1.1003
1.1334
1.1259
1.1038
1.1119
1.1156
1.1021
1.129
1.1208
1.1196
1.1299
1.1069
1.0829
1.0835
1.1243
1.1233
1.1265
1.1521
1.1274
1.1493
1.1156
1.1397
1.1278
1.101
1.1462
1.1464
1.1204
1.1597
1.1332
1.095
1.0862
1.1384
1.1317
1.0763
1.0958
1.1121
1.1335
1.1201
1.1324
1.1661
1.1479
1.137
1.1331
1.1327
1.1422
1.1038
1.1328
1.1203
1.1252
1.1777
1.1475
1.1077
1.1454
1.1175
1.1235
1.0928
1.1345
1.1026
1.1021
1.1362
1.1042
