0.9337539432176655
0.9075527422427603
0.8970766196454945
0.8944531088504727
0.8950387251068644
0.8999599120886359
0.9081615938204706
0.911884590516536
0.9219980962794422
0.9303796536313564
0.9407497227284047
0.9466957215362838
0.9576228867965293
0.9703094629705834
0.9845064187693672
0.9922946744185486
1.007084398604926
1.020934897499115
1.0350458485114935
1.0495523575408487
1.0582219502082877
1.0831651568281961
1.0883027301978763
1.1059308251111355
1.1299035252493945
1.1383987692082653
1.1601833725684543
1.1711660719968042
1.1903066971325587
1.207109977070152
1.229639893766187
1.2520073338812676
1.2756673379838495
1.3004808668364307
1.3296218961704427
1.3475881446037608
1.363640630133128
1.3971376370280149
