0.8099173553719009
0.8162033884542005
0.8248067474049732
0.834718681631856
0.8438002437228201
0.8554237523868679
0.8690211578639984
0.8760465823160393
0.8896797813572743
0.9005705277194418
0.9132350942872677
0.9205380047863289
0.9331445034062789
0.947374447219741
0.9631449631449631
0.9715646784958641
0.9875684668920572
1.002391873982044
1.0173473569184543
1.0325898022697917
1.0415071541022078
1.067590901412315
1.0725794790224952
1.0910356024585408
1.1157342180951966
1.1239809284340694
1.1466462495139516
1.1574470426262902
1.1771469813234925
1.1938307706487836
1.2169897657513529
1.2399753089408259
1.263543550312227
1.2889416948509556
1.318840728965446
1.3362258254650081
1.3524356584006865
1.3866426399369294
