0.8099173553719009
0.6776758014841706
0.583786116605904
0.5145969824854448
0.45907714634637414
0.41818674911732545
0.387564535698337
0.35260501903661495
0.331675951740048
0.30961612497822394
0.2926275564829611
0.2706236895178032
0.2572923917904608
0.24669130285442648
0.23982869379014968
0.22402836007632593
0.21822393763993303
0.21147433700021795
0.20499679692504785
0.1987772829123907
0.1869385283133138
0.18988164910911653
0.17465239571871588
0.17411491584445776
0.1744573447753659
0.16088552644435405
0.16375563982616917
0.15260400978569913
0.15212175470008946
0.14367653972731537
0.1452529581664029
0.14724949064641624
0.1408183014969351
0.1433407790032112
0.1494537743698949
0.1360980504023137
0.1328161952511585
0.13911171981999582
