0, 36, 45
0, 116
0, 72, 79
0, 106
0, 1, 9, 36, 57, 60, 79, 111, 122
0, 17, 110
0, 60
0, 73
0, 5, 59, 92
0, 3, 15, 28
0, 45, 129
0, 17
0, 36, 57
0, 36, 45, 101
0, 20, 57
0, 79, 84
0, 118
0, 72
0, 36, 59, 101
0, 1, 122
0, 36, 79
0, 36, 56
0, 29
0, 36, 59
0, 140
0, 45, 92, 114
0, 1, 9, 32, 79, 128
0, 45, 65
0, 26, 36, 45
0, 51
0, 13, 26, 58, 59, 92, 116, 126
0, 26, 45
0, 129
0, 3, 14, 15, 17, 39, 102, 118
0, 1, 68, 79, 84, 105, 111, 122
0, 36, 126
0, 26, 57, 111, 126
0, 45, 57
0, 26, 57
0, 57, 129
0, 20
0, 3, 17
0, 5, 59, 65
0, 36, 45, 73, 91
0, 111
0, 46, 57
0, 65
0, 45, 46
0, 26, 36
0, 45
0, 26, 36, 101, 126
0, 26, 36, 45, 56, 59, 91, 101, 106, 116, 126
0, 3, 59, 111
0, 52, 72, 79
0, 57
0, 1
0, 122
0, 135
0, 125
0, 36, 56, 126
0, 79
0, 17, 20, 57, 110, 118
0, 56
0, 92
0, 20, 129
0, 45, 46, 59, 91, 114
0, 59
0, 7, 36
0, 36
0, 1, 20, 38, 111
0, 126, 127
0, 26, 45, 56, 57, 59, 91, 126
0, 26
0, 3
0, 101
0, 17, 38, 51, 58, 79, 110, 118
0, 45, 118
0, 114
0, 35, 44, 53, 79, 111
0, 17, 118
0, 3, 10, 17, 36, 38, 39, 45, 51, 102, 110, 118
0, 17, 110, 118
0, 73, 91
0, 26, 36, 57, 92
0, 45, 57, 65
1, 49, 89, 125
1, 35, 66
1, 57, 89
1, 57, 66
1, 57
1, 53, 69, 74
1, 35, 36, 66, 69
1, 35, 69, 74
1, 125
1, 20, 57
1, 79
1, 69
1, 36
1, 50, 55
1, 49
1, 9, 52, 69, 79, 122
1, 35, 66, 69, 89, 140
1, 49, 89
1, 109, 140
1, 49, 66
1, 18
1, 66, 89
1, 93
1, 66, 69
1, 36, 56, 79, 114, 129, 138
1, 52, 57, 60, 66, 79, 111
1, 73
1, 57, 89, 140
1, 50
1, 49, 81, 89
1, 111, 121
1, 105
1, 7, 55, 129, 141
1, 141
1, 57, 140
1, 108
1, 52
1, 122, 140
1, 9, 109
1, 140
1, 35, 53, 69, 74
1, 9
1, 130
1, 49, 67, 108
1, 74
1, 35, 66, 69, 74, 89
1, 87
1, 109
1, 122
1, 89
1, 66
1, 9, 69, 79, 132
1, 57, 66, 93
1, 57, 130
1, 121
1, 35, 74
1, 111
1, 35, 57, 66
1, 42, 49, 89
1, 55
1, 36, 50, 55, 79, 109, 111, 122
1, 35
1, 36, 57, 129
1, 133
1, 9, 79
1, 34, 64, 66
1, 79, 111, 122
2, 50
2, 140
2, 87
2, 96
2, 109
2, 33
2, 57, 87
2, 55
2, 112
2, 125
2, 71, 133
2, 3
2, 71
3, 5, 59
3, 28
3, 15, 103, 124
3, 17, 39, 110
3, 15, 78, 86, 103, 123, 124
3, 39, 110, 118
3, 17
3, 113, 124
3, 40, 129
3, 36, 53, 91, 114
3, 118
3, 39
3, 17, 51, 110, 118
3, 74
3, 15, 28, 118, 123
3, 35, 85
3, 17, 110, 118
3, 15, 124
3, 36, 45, 91, 114, 121
3, 5, 26, 36, 45, 56, 59, 78, 101, 123, 129
3, 14, 17, 106
3, 86
3, 39, 118
3, 86, 103, 107, 123, 124
3, 15, 28, 39, 78, 103, 123, 130
3, 17, 39, 47
3, 28, 39, 102, 110, 118
3, 17, 39, 110, 118
3, 15, 103
3, 17, 102, 110, 118
3, 36, 106
3, 26, 36, 78, 101, 126
3, 36, 78, 101
3, 78
3, 102, 110, 118
3, 17, 38, 39, 45, 51, 102, 110, 118
3, 102, 110
3, 110
3, 123
3, 20, 55, 57, 110, 120
3, 17, 118
3, 86, 103, 123, 124
3, 17, 36, 38, 39, 45, 51, 102, 110, 118
3, 86, 103, 107, 124
3, 17, 106, 118
3, 15, 38, 39, 45, 51, 110, 118
3, 92
3, 17, 110
3, 86, 103, 124
3, 59
3, 17, 106, 110, 118
3, 36
3, 91, 101
3, 124
3, 15, 86, 103, 124
3, 110, 118
3, 17, 39, 118
3, 91
3, 17, 38, 39, 45, 51, 103, 110, 118
3, 38, 39, 45, 102, 107, 118
4, 49, 81, 125
4, 42, 49, 81
4, 42, 108
4, 49, 81
4, 108
4, 81, 108, 125
4, 42
4, 22
4, 42, 49, 125
4, 49, 81, 108, 125
4, 49, 125
4, 42, 108, 125
4, 42, 49, 81, 108
4, 125
4, 42, 49, 98, 108, 125
4, 42, 49, 108, 125
4, 81, 108
4, 42, 49, 108
4, 41, 49
4, 13, 108
4, 49, 108
4, 108, 125
4, 42, 49
4, 49, 108, 125
4, 49, 81, 108
4, 22, 42, 49, 125
4, 49
4, 22, 42, 49
4, 84
5, 59, 65, 91
5, 52, 59
5, 27
5, 25, 26, 36, 45, 56, 59, 101, 129, 138
5, 138
5, 68, 105
5, 105
5, 59, 65
5, 52
5, 64, 68
5, 16, 25, 121
5, 64
5, 26, 36, 45, 56, 59, 91, 101, 114, 129, 138
5, 56
5, 59, 65, 106, 114
5, 26, 36, 45, 56, 57, 59, 101, 129
5, 59, 64, 91, 116
5, 16, 26, 36, 56, 59, 72
5, 59, 91
5, 68
5, 34, 64
5, 34
5, 56, 59, 65, 91, 106
5, 59, 64, 77
5, 64, 106
5, 105, 133
5, 59, 138
5, 16, 26, 36, 56, 59, 72, 79
5, 34, 59, 64, 138
5, 59, 105
5, 34, 59, 64, 126, 138
5, 82
5, 59
5, 16
5, 48
5, 26, 45, 56, 59, 101, 129
5, 59, 64
5, 16, 59
5, 59, 106
6, 28
6, 96
6, 54
6, 8
6, 119
6, 11
6, 98
6, 25
6, 25, 119
7, 20, 53, 55, 57, 134
7, 109
7, 57, 91, 109, 117, 136
7, 10, 55, 57, 58, 138
7, 53
7, 20
7, 55, 134
7, 10
7, 89, 109
7, 98
7, 20, 38, 50, 51, 57, 112, 129
7, 55
7, 55, 133
7, 50, 129
7, 133
7, 13, 55, 57, 71, 129
7, 20, 109
7, 34, 53, 64, 95, 109, 134, 136, 138
7, 55, 57
7, 20, 55, 57, 71
7, 57
7, 55, 125
7, 50, 131
7, 122
7, 20, 38, 50, 57, 58, 129
7, 112
7, 20, 134
7, 125
7, 79
7, 53, 134
7, 50, 55
7, 13
7, 134
7, 10, 20, 21, 46, 55, 57, 70, 110, 112, 133
7, 53, 133
7, 20, 57
7, 71
7, 10, 55, 57, 98, 140
7, 117, 136
7, 50
7, 138
7, 53, 55, 64, 122
7, 20, 71
7, 21, 55, 110, 133
7, 140
7, 10, 57
7, 57, 109
7, 51
7, 41
7, 55, 57, 121, 133
8, 129
8, 96
8, 25
9, 79
9, 44, 52, 60, 79, 83, 85, 111, 128
9, 52, 72, 79, 93
9, 93
9, 52, 72
9, 72
9, 43, 72, 93
9, 109
9, 32, 43, 72, 79, 83, 93, 128, 132
9, 20
9, 52, 72, 79, 83, 93
9, 111
9, 55
9, 35
9, 52, 79
10, 38, 57
10, 109
10, 20
10, 51, 71
10, 55
10, 58
10, 20, 50, 57
10, 20, 133
10, 133
10, 57
10, 42, 55, 57
10, 14
10, 20, 112
10, 38, 51, 110, 118
10, 20, 71
10, 71
10, 38
10, 51
10, 57, 133
10, 129
10, 50
10, 42
10, 140
10, 20, 50, 129
11, 127
11, 47, 63
11, 63
11, 47, 63, 131
11, 47
12, 25
12, 28
12, 54
12, 99
13, 55
13, 17, 51
13, 67
13, 125
13, 102
13, 38
13, 21, 102
13, 70
13, 38, 102
13, 51
13, 21
13, 109
13, 51, 102
13, 98
13, 49, 120, 124, 125
14, 110, 118
14, 24
14, 24, 63
14, 51, 118
14, 29, 37, 40, 61, 112, 113, 115, 129, 140
14, 74, 106
14, 41, 63
14, 46
14, 63, 104
14, 104
14, 47, 104
14, 51
14, 106
14, 40, 47, 106
14, 47, 106
14, 17, 20, 29, 40, 55, 57, 102, 110, 118, 133
14, 50
14, 29, 47
14, 63
14, 40
14, 17
14, 46, 57
14, 118
14, 17, 118
14, 62
14, 41, 46
14, 29
14, 31, 41, 46, 70
14, 31, 62
14, 62, 104
14, 41
14, 29, 41, 70
14, 31
14, 29, 41
14, 62, 63, 104
14, 31, 41
14, 29, 106
14, 40, 106
14, 29, 40
14, 131
14, 17, 29, 40, 110, 118
14, 62, 131
14, 40, 62
14, 24, 139
14, 24, 106
14, 17, 110, 118
14, 70
14, 47
15, 103
15, 78, 100, 103, 113, 123, 137
15, 137
15, 39, 103
15, 103, 124
15, 107, 137
15, 107
15, 103, 107
16, 73
16, 118
16, 97
16, 111
16, 32, 43, 128
16, 32
16, 17, 97, 110, 118
16, 56
16, 25
17, 94
17, 23, 38, 93, 102
17, 38
17, 112, 118
17, 39, 110
17, 20, 110
17, 20, 55, 57, 110, 118, 133
17, 102, 110
17, 38, 102
17, 106
17, 20, 57, 110, 118
17, 40
17, 102, 106, 118
17, 118
17, 20, 102
17, 106, 118
17, 110, 129
17, 62
17, 39
17, 29
17, 20, 55, 57
17, 51, 58, 118
17, 51, 110, 118
17, 102, 110, 118
17, 110, 118
17, 39, 51, 110, 118
17, 40, 110, 118
17, 51
17, 51, 133
17, 51, 110
17, 129
17, 118, 129
17, 40, 118, 129
17, 39, 110, 118
17, 20
17, 39, 118
17, 20, 118
17, 20, 57, 110, 133
17, 102, 118
17, 110, 118, 129
17, 20, 55, 57, 110, 133
17, 45
17, 106, 110, 118
17, 29, 106, 118
17, 20, 110, 129
17, 110
17, 51, 58
17, 106, 110
17, 39, 51
17, 51, 52, 109
17, 51, 102, 110, 118
17, 40, 106, 118
17, 45, 110, 118
17, 51, 126
17, 47
17, 20, 110, 118
17, 51, 106
17, 20, 57, 110
17, 102
17, 29, 40
17, 20, 102, 110, 118
17, 20, 57, 110, 118, 133
17, 24, 62, 139
17, 51, 118
17, 20, 55, 57, 110
18, 96
18, 98
18, 123
18, 55, 57, 129
19, 37, 75, 76, 113, 115, 124, 137
19, 124, 137
19, 37, 61, 75, 113, 115, 124, 137
19, 61, 113
19, 76
19, 37, 61, 113, 115, 124, 137
19, 113, 137
19, 100
19, 113
19, 115
19, 137
19, 37, 76, 113, 115, 137
20, 38, 98, 102, 125
20, 71
20, 38
20, 51
20, 57, 140
20, 96
20, 38, 57, 110, 133
20, 50
20, 38, 87, 98, 133
20, 57, 129
20, 105
20, 57, 58, 110, 129, 133, 140
20, 141
20, 118
20, 57, 109
20, 57, 118
20, 38, 118
20, 87
20, 98, 102
20, 129
20, 21
20, 109
20, 38, 133
20, 57, 87
20, 122
20, 57, 109, 122
20, 71, 133
20, 98
20, 111
20, 55, 57
20, 57, 102
20, 57, 71, 133
20, 57, 87, 118
20, 41, 112
20, 55
20, 58
20, 133
20, 57, 111
20, 110
20, 51, 58
20, 33, 38, 57, 87
20, 57
20, 33, 87
20, 38, 87, 98, 102, 133
20, 32, 79
20, 112
20, 102
20, 79
20, 38, 57
20, 57, 79, 105
20, 46
20, 50, 57
20, 38, 118, 129
20, 58, 112, 133
21, 102, 118
21, 29, 38
21, 112
21, 102
21, 38, 58
21, 38
21, 38, 102
21, 29
21, 51
22, 83
22, 67, 125
22, 42, 49, 81
22, 84, 97
22, 108
22, 98
22, 42
22, 42, 49, 108, 125
22, 42, 48, 49
22, 42, 49, 125
22, 108, 125
22, 48, 49, 125
22, 49, 98, 125
22, 42, 49, 140
22, 42, 49, 55, 140
22, 84, 135
22, 49, 108
22, 136
22, 38, 49, 125
22, 49, 98
22, 67
22, 42, 49
22, 49, 123, 125
22, 49, 55
22, 42, 49, 108
22, 42, 49, 98
22, 42, 48, 49, 125
22, 49, 123, 125, 141
22, 125
22, 42, 49, 55
22, 42, 49, 98, 125
22, 49, 98, 108
22, 48, 84
22, 72
22, 49, 108, 125
22, 84, 136
22, 49
22, 98, 125
22, 49, 125
22, 48
22, 84
22, 38
23, 111
23, 32
23, 133
23, 77
23, 58
23, 97
24, 41
24, 90, 131
24, 31
24, 104, 131
24, 47, 106
24, 40, 47, 131
24, 47, 63
24, 131
24, 29, 106
24, 62, 139
24, 63, 131
24, 62, 131, 139
24, 131, 139
24, 70
24, 47
24, 62, 70, 139
24, 63, 90
24, 46
24, 40, 63
24, 62, 63, 90, 139
24, 62, 104, 139
24, 101, 106
24, 31, 131
24, 104
24, 40, 62, 131, 139
24, 139
24, 62, 131
24, 106
24, 31, 41, 90
24, 63
24, 40
24, 31, 41, 47
24, 63, 139
24, 40, 47, 62
24, 62
24, 40, 63, 90, 131
24, 29
24, 40, 131
24, 70, 131
25, 92
25, 59
25, 36
25, 26
25, 101
25, 45, 141
25, 26, 36, 56, 59, 101, 129
25, 73
25, 73, 129
25, 28, 36, 37, 129, 141
25, 92, 141
25, 127
25, 26, 45
25, 87
25, 129
25, 141
25, 121
25, 88, 89
25, 45
25, 36, 45
25, 57
26, 59, 114
26, 36, 45, 59, 91, 114
26, 59, 91
26, 53
26, 56
26, 36, 45, 56, 59, 91, 114, 129, 138
26, 36, 45, 56, 59, 79, 91
26, 91
26, 68
26, 45
26, 56, 59
26, 114, 129
26, 36, 101
26, 36, 91
26, 56, 101, 116, 126
26, 59
26, 36
26, 114
26, 36, 106, 126
26, 36, 53, 55, 114, 129
26, 36, 59, 138
26, 126
26, 36, 45, 53, 56, 59, 91, 114, 138
26, 116, 126
26, 116
26, 138
26, 56, 101, 129
26, 72
26, 65
26, 36, 45, 56
27, 68
27, 35
27, 48
27, 32
28, 37
28, 124
28, 39, 102, 118
28, 39
28, 130
28, 87
28, 98
28, 123
29, 101, 106
29, 90
29, 67
29, 80
29, 70
29, 47
29, 135
29, 40, 129
29, 46
29, 63, 106
29, 47, 106
29, 104
29, 38
29, 40, 47, 106
29, 106
29, 63
29, 40
29, 40, 70
29, 40, 47
29, 47, 62, 106
29, 31, 41
29, 41
29, 31
29, 41, 63, 70
29, 40, 106
29, 131
30, 124
30, 103, 107
30, 137
30, 107
30, 100, 107
30, 61, 124, 137
30, 100
31, 90
31, 40, 131
31, 70
31, 47
31, 41, 131
31, 46
31, 41, 62
31, 104, 131
31, 47, 104
31, 104
31, 40, 47, 104
31, 106
31, 50
31, 63
31, 40
31, 41, 46
31, 62, 63, 90
31, 62
31, 41
31, 41, 70
31, 63, 131
31, 131, 139
31, 62, 131
31, 131
31, 40, 41
31, 63, 90
32, 79, 111
32, 44, 83
32, 83, 93
32, 67
32, 80
32, 44, 128
32, 43, 79, 83, 93
32, 43, 89
32, 43, 79
32, 79
32, 97, 128
32, 82
32, 67, 82
32, 72
32, 43, 83, 93
32, 53, 121
32, 93
32, 83
32, 60
32, 43, 128
32, 128
32, 79, 128
32, 85
32, 93, 128
32, 43, 97, 128
32, 97
32, 44
32, 53
32, 43
32, 121
32, 111
33, 87
33, 54
33, 99
33, 111
33, 137
34, 64, 74
34, 106
34, 138
34, 36, 56, 116, 126
34, 95
34, 117
34, 64
34, 73, 74, 95
34, 64, 135
34, 129
34, 53, 106
34, 53
34, 64, 74, 126
34, 89
34, 53, 138
34, 111
34, 35
34, 53, 74, 95, 138
34, 53, 64
34, 64, 138
34, 95, 138
34, 36
35, 85
35, 140
35, 74
35, 132
35, 89
35, 36, 69
35, 66
35, 53, 69, 74
35, 79
35, 69
35, 69, 74
36, 56, 126
36, 91, 101
36, 126
36, 45, 56, 57, 59, 91, 114, 129, 138
36, 116
36, 129
36, 106
36, 57, 129
36, 59, 138
36, 138
36, 141
36, 45, 56, 59, 91, 114, 129, 138
36, 56, 91, 116, 126
36, 57, 114, 129
36, 56, 57, 78, 101, 129
36, 53, 57, 114, 129, 138
36, 56, 59, 114, 129, 138
36, 130
36, 56, 101, 126, 135
36, 101, 126
36, 109
36, 53
36, 56
36, 45, 101
36, 121
36, 59, 101
36, 111
36, 59, 91, 101
36, 59, 91
36, 101
36, 53, 56, 114, 129, 138
36, 78
36, 55
36, 45
36, 91, 101, 129, 130
36, 91, 121
36, 45, 53, 57, 129
36, 45, 111, 126
36, 123
36, 57
36, 45, 56, 59, 91, 101, 114, 129, 138
36, 135
36, 56, 59
36, 79
36, 92
36, 73, 79
36, 52, 56
36, 69
36, 59
36, 45, 57, 114, 129, 138
36, 114
36, 91
37, 61, 75, 113, 115, 137
37, 61, 75, 107, 113, 124, 137
37, 107, 113, 120, 137
37, 61, 75, 113, 115, 124, 137
37, 123
37, 100
37, 113
37, 61, 75, 113, 124, 137
37, 113, 115
37, 113, 115, 137
37, 61, 113, 115
37, 124
37, 137
37, 113, 115, 124, 137
37, 61, 113, 115, 137
37, 75, 113, 137
37, 115
37, 61, 113, 115, 124, 137
37, 113, 124, 137
37, 115, 124, 137
37, 130
37, 107
37, 124, 137
38, 39, 107
38, 51
38, 87
38, 71, 102, 110, 133
38, 39, 45, 102, 118
38, 80, 102
38, 109
38, 51, 125
38, 51, 102
38, 39, 118
38, 102, 118
38, 98
38, 102, 108
38, 55
38, 42, 102
38, 133
38, 110
38, 71, 109
38, 67
38, 57
38, 51, 87, 98, 102, 110
38, 98, 102, 125
38, 125
38, 102
38, 125, 140
38, 71
38, 45, 118
38, 51, 55, 57, 58, 102, 112, 133
38, 98, 110
38, 50
38, 55, 98, 125
38, 39, 102
38, 118
38, 57, 98
38, 98, 102
39, 103, 118
39, 51
39, 118
39, 130
39, 107
39, 120
39, 110
39, 102, 118
39, 118, 120
39, 102, 107
39, 110, 118
39, 103
39, 102
39, 102, 110, 118
40, 41
40, 129
40, 131
40, 47, 62
40, 131, 139
40, 47, 62, 131
40, 47, 106
40, 90, 104
40, 70
40, 47
40, 47, 48, 63, 125
40, 63, 131
40, 46
40, 104
40, 70, 131, 139
40, 62, 131, 139
40, 63, 90
40, 106, 110, 118
40, 139
40, 110, 118
40, 106
40, 69, 70, 89
40, 89, 106
40, 41, 70
40, 63
40, 62, 131
40, 63, 90, 131
41, 90, 131
41, 51, 110
41, 71, 133
41, 55, 133
41, 70
41, 46
41, 49
41, 51
41, 106
41, 62
42, 98, 108
42, 49, 108
42, 49, 81, 108
42, 49, 98
42, 49, 55
42, 49, 98, 108
42, 125
42, 102
42, 80, 108
42, 49, 108, 125, 129
42, 49
42, 49, 80
42, 79, 108
42, 108, 125
42, 48
42, 49, 125
42, 49, 108, 125
42, 49, 122, 125
42, 49, 81
42, 80, 81, 108
42, 49, 80, 98, 108
42, 84
42, 49, 55, 108
42, 49, 98, 108, 125
42, 49, 98, 125
42, 49, 55, 140
42, 49, 80, 84
42, 49, 84
42, 108
42, 98
42, 48, 49
42, 84, 108
43, 52, 79, 93
43, 89
43, 79
43, 79, 83, 93, 111
43, 93
43, 52
44, 79
44, 83
44, 72
44, 79, 111
44, 57, 72, 73, 85, 93
44, 80
45, 123
45, 57
45, 114
45, 91
45, 138
45, 53, 74
45, 129
45, 53
45, 121
45, 101
46, 133
46, 57
46, 70
46, 50, 70
46, 71
46, 51
46, 96
46, 50
46, 109
47, 104
47, 62, 131
47, 106
47, 90, 131
47, 62, 90
47, 62
47, 62, 104
47, 131
47, 62, 139
47, 62, 106
47, 58
47, 90
48, 136
48, 80
48, 125
48, 102
48, 82
48, 130, 136
48, 84
48, 129
48, 80, 84
48, 49, 123, 125
48, 130
48, 97
48, 77
48, 72, 84
48, 49, 55
48, 84, 117, 135
48, 111
48, 49, 125
49, 50, 81, 133
49, 98, 125
49, 55, 140
49, 108, 136
49, 125, 136
49, 108
49, 108, 125
49, 123, 125, 141
49, 140
49, 51
49, 81, 108
49, 98
49, 55
49, 55, 125
49, 81, 108, 125
49, 102, 125
49, 67
49, 80
49, 123, 141
49, 81, 102, 108
49, 67, 108, 125
49, 122
49, 125
49, 102
49, 98, 108, 125
49, 55, 108, 125
49, 81
49, 81, 125
49, 55, 108
49, 136
50, 55, 118
50, 58
50, 71
50, 51
50, 96
50, 55, 133
50, 105
50, 118
50, 140
50, 87
50, 132
50, 109
50, 131
50, 111
50, 55
50, 133
50, 110
50, 57
50, 70
50, 87, 133
50, 112
50, 57, 109
51, 58
51, 57, 112, 133
51, 133
51, 58, 102
51, 126
51, 57
51, 112, 118
51, 102
51, 71
51, 98, 110, 125
51, 118, 133
51, 110, 118
51, 118
51, 110
51, 109
51, 110, 111
51, 112
51, 58, 110
51, 110, 133
52, 72, 128
52, 69, 125
52, 109
52, 56
52, 55
52, 125
52, 69
52, 72
53, 114
53, 73
53, 63, 64, 90, 121
53, 138
53, 69, 74, 140
53, 95
53, 74
53, 64
53, 79
53, 74, 75, 113, 140
53, 111
53, 91
53, 64, 138
53, 135
53, 59
54, 88
54, 122
55, 118, 133
55, 125, 140
55, 129
55, 141
55, 118
55, 98
55, 79, 111, 122
55, 140
55, 110
55, 87
55, 122
55, 79
55, 121
55, 111
55, 58
55, 57, 133
55, 133
55, 57, 87
55, 57
55, 125
55, 102
55, 108, 125
55, 57, 98, 133
55, 129, 141
55, 57, 111
55, 98, 133
55, 71
56, 116, 126
56, 122
56, 59, 65
56, 101
56, 59, 91, 114, 129, 138
56, 59
56, 114
56, 91
56, 116, 130
56, 126
56, 116
56, 129
56, 106
56, 59, 114
56, 59, 64, 74, 126, 138
56, 130
57, 110
57, 87
57, 82, 105
57, 109
57, 122
57, 89
57, 72, 79, 83
57, 111
57, 87, 133
57, 68
57, 58
57, 133
57, 123
57, 73, 79
57, 112
57, 129, 141
57, 69, 79, 122
57, 79
57, 71
57, 129
57, 73
57, 105
57, 141
57, 111, 121
57, 118
57, 87, 140
57, 60, 68, 79, 111
57, 74, 140
57, 140
58, 110
58, 133
58, 70
58, 112
58, 71
58, 96
58, 105
59, 91, 92
59, 92
59, 64, 65
59, 114
59, 91
59, 116
59, 106
59, 60
59, 138
59, 64, 91
59, 64
59, 65
59, 101
59, 78
60, 64
60, 79
60, 111
60, 79, 111
61, 113
61, 115
61, 137
61, 107, 120, 137
62, 90
62, 63, 90, 139
62, 90, 131
62, 104
62, 139
62, 104, 139
62, 106
62, 63
62, 104, 131
62, 131, 139
62, 90, 131, 139
62, 63, 131, 139
62, 131
63, 139
63, 131
63, 90
63, 80
63, 104
63, 90, 139
64, 138
64, 95
64, 77
64, 121
64, 101
65, 111
65, 80
65, 80, 135
65, 84
65, 126
65, 129
65, 106
65, 130
65, 129, 135
66, 73
66, 89
66, 69
67, 137
67, 81
67, 84
67, 118
67, 108
67, 98
67, 80
67, 98, 137
67, 125
67, 102
67, 82
68, 105
68, 79
69, 106
69, 108
69, 140
69, 74
69, 72
70, 131
70, 71
70, 106
71, 140
71, 109
71, 109, 122
71, 133
71, 112
71, 125
71, 102
71, 109, 112
71, 139
72, 84
72, 73
72, 128
72, 122
72, 79
73, 79, 93, 128
73, 111
73, 79
73, 92
73, 79, 80
73, 84
73, 93
73, 128
73, 141
73, 85
74, 140
74, 89
74, 126
74, 106
74, 138
74, 95
75, 113
76, 113, 120, 137
76, 113
76, 137
77, 97
77, 111
77, 136
77, 125
78, 123
78, 124
78, 107, 124
79, 111
79, 105
79, 84
79, 93
79, 84, 135
79, 132
79, 109
80, 117, 135
80, 93
80, 135
80, 125
80, 102
80, 105
80, 82
80, 81
80, 117
80, 84
80, 129, 135
80, 129
80, 106
80, 108
80, 84, 129
80, 130
80, 89
80, 129, 130
80, 136
81, 102, 108, 125
81, 125
81, 84
81, 108, 125
81, 108
81, 102, 108
81, 130
81, 108, 136
82, 105
83, 93
84, 117
84, 108
84, 130
84, 97
84, 121
84, 136
84, 130, 136
84, 135
85, 121
86, 107, 124, 130
86, 124
86, 103
87, 122
87, 98
87, 134
87, 98, 141
87, 137
87, 96
87, 108
87, 140
88, 122
88, 96
89, 121
89, 134
89, 101
89, 106
89, 140
90, 131, 139
90, 139
90, 131
91, 135
91, 114
91, 117
92, 126
92, 141
93, 126
93, 94
93, 128
94, 98, 102
94, 98
95, 134
95, 106
97, 121
97, 111
98, 134
98, 102, 125
98, 125
98, 102
98, 118
100, 137
100, 107, 137
100, 124
100, 103, 107
100, 115
101, 126
101, 116
101, 106
101, 114
102, 118
102, 108
102, 108, 125
102, 110, 118
102, 133
102, 125
103, 137
103, 107
103, 113, 124, 137
103, 124
103, 107, 125
103, 120, 124, 137
103, 107, 137
104, 131
104, 139
104, 106
105, 140
105, 130
105, 133
106, 124
106, 117
106, 116, 126
106, 126
106, 110, 118
107, 124
107, 115
107, 124, 137
107, 137
108, 136
108, 125
108, 125, 136
108, 130
109, 111
109, 133
109, 112
109, 140
109, 110
109, 122
110, 118
110, 118, 122, 123
110, 129
111, 133
111, 122
111, 121
112, 133
113, 124
113, 137
113, 124, 137
113, 115
114, 138
114, 129
114, 129, 138
114, 132
114, 121
115, 124
115, 137
116, 126
117, 135
117, 129
118, 137
120, 124
120, 123
120, 137
122, 133
124, 130
124, 134
124, 137
125, 140
126, 129
129, 135
129, 141
129, 130
130, 132
130, 136
131, 139
132, 134
132, 133
133, 141
133, 140
